Dynamical matrix file
phonons on a grid                                                          
  3    4   0   9.6715500   0.0000000   0.0000000   0.0000000   0.0000000   0.0000000
Basis vectors
      0.290140853   -0.167512899    0.940843305
      0.000000000    0.335025799    0.940843305
     -0.290140853   -0.167512899    0.940843305
           1  'Ni1    '    53495.761538473613     
           2  'Ni2    '    53495.761538473613     
           3  'O      '    14582.561023192638     
    1    1      0.0000000000      0.0000000000      0.0000000000
    2    2      0.0000000000      0.0000000005      1.4112649575
    3    3      0.0000000000     -0.0000000003     -0.7056327489
    4    3      0.0000000000      0.0000000003      0.7056327489

     Dynamical  Matrix in cartesian axes

     q = (    0.000000000   0.000000000   0.000000000 ) 

    1    1
  0.16062644   0.00000000     0.00000000   0.00000000    -0.00000000   0.00000000
  0.00000000   0.00000000     0.16062644   0.00000000    -0.00000000   0.00000000
  0.00000000   0.00000000    -0.00000000   0.00000000     0.27660024   0.00000000
    1    2
 -0.02865232   0.00000000     0.00000000   0.00000000    -0.00000000   0.00000000
 -0.00000000   0.00000000    -0.02865232   0.00000000     0.00000000   0.00000000
  0.00000000   0.00000000     0.00000000   0.00000000    -0.16520144   0.00000000
    1    3
 -0.06255505   0.00000000     0.00000000   0.00000000     0.00000000   0.00000000
  0.00000000   0.00000000    -0.06255505   0.00000000     0.00000000   0.00000000
  0.00000000   0.00000000     0.00000000   0.00000000    -0.05366967   0.00000000
    1    4
 -0.06255505   0.00000000     0.00000000   0.00000000     0.00000000   0.00000000
  0.00000000   0.00000000    -0.06255505   0.00000000     0.00000000   0.00000000
  0.00000000   0.00000000     0.00000000   0.00000000    -0.05366967   0.00000000
    2    1
 -0.02865232   0.00000000    -0.00000000   0.00000000    -0.00000000   0.00000000
  0.00000000   0.00000000    -0.02865232   0.00000000     0.00000000   0.00000000
  0.00000000   0.00000000     0.00000000   0.00000000    -0.16520144   0.00000000
    2    2
  0.16323890   0.00000000     0.00000000   0.00000000    -0.00000000   0.00000000
  0.00000000   0.00000000     0.16323890   0.00000000    -0.00000000   0.00000000
  0.00000000   0.00000000    -0.00000000   0.00000000     0.27964070   0.00000000
    2    3
 -0.06254054   0.00000000     0.00000000   0.00000000     0.00000000   0.00000000
  0.00000000   0.00000000    -0.06254054   0.00000000     0.00000000   0.00000000
  0.00000000   0.00000000     0.00000000   0.00000000    -0.05394569   0.00000000
    2    4
 -0.06254054   0.00000000     0.00000000   0.00000000    -0.00000000   0.00000000
 -0.00000000   0.00000000    -0.06254054   0.00000000     0.00000000   0.00000000
  0.00000000   0.00000000     0.00000000   0.00000000    -0.05394569   0.00000000
    3    1
 -0.06255505   0.00000000     0.00000000   0.00000000     0.00000000   0.00000000
  0.00000000   0.00000000    -0.06255505   0.00000000     0.00000000   0.00000000
  0.00000000   0.00000000     0.00000000   0.00000000    -0.05366967   0.00000000
    3    2
 -0.06254054   0.00000000     0.00000000   0.00000000     0.00000000   0.00000000
  0.00000000   0.00000000    -0.06254054   0.00000000     0.00000000   0.00000000
  0.00000000   0.00000000     0.00000000   0.00000000    -0.05394569   0.00000000
    3    3
  0.09017974   0.00000000     0.00000000   0.00000000    -0.00000000   0.00000000
  0.00000000   0.00000000     0.09017974   0.00000000    -0.00000000   0.00000000
  0.00000000   0.00000000    -0.00000000   0.00000000     0.13639405   0.00000000
    3    4
  0.03391738   0.00000000     0.00000000   0.00000000    -0.00000000   0.00000000
 -0.00000000   0.00000000     0.03391738   0.00000000    -0.00000000   0.00000000
  0.00000000   0.00000000    -0.00000000   0.00000000    -0.02832991   0.00000000
    4    1
 -0.06255505   0.00000000     0.00000000   0.00000000     0.00000000   0.00000000
  0.00000000   0.00000000    -0.06255505   0.00000000     0.00000000   0.00000000
  0.00000000   0.00000000     0.00000000   0.00000000    -0.05366967   0.00000000
    4    2
 -0.06254054   0.00000000     0.00000000   0.00000000     0.00000000   0.00000000
 -0.00000000   0.00000000    -0.06254054   0.00000000     0.00000000   0.00000000
  0.00000000   0.00000000     0.00000000   0.00000000    -0.05394569   0.00000000
    4    3
  0.03391738   0.00000000     0.00000000   0.00000000    -0.00000000   0.00000000
 -0.00000000   0.00000000     0.03391738   0.00000000    -0.00000000   0.00000000
  0.00000000   0.00000000    -0.00000000   0.00000000    -0.02832991   0.00000000
    4    4
  0.09017974   0.00000000     0.00000000   0.00000000    -0.00000000   0.00000000
  0.00000000   0.00000000     0.09017974   0.00000000    -0.00000000   0.00000000
  0.00000000   0.00000000    -0.00000000   0.00000000     0.13639405   0.00000000

     Dielectric Tensor:

         17.136255308661         -0.000000000000         -0.000000000000
          0.000000000000         17.136255356657         -0.000000005717
          0.000000000000         -0.000000005717         36.319191348562

     Effective Charges E-U: Z_{alpha}{s,beta}

     atom #    1
          2.021292887995          0.000000000000          0.000000000000
          0.000000000000          2.021292840468          0.000000005661
          0.000000000000          0.000000005661          2.939481195985
     atom #    2
          2.020937128360         -0.000000000000          0.000000000000
         -0.000000000000          2.020937080832          0.000000005661
         -0.000000000000          0.000000005661          2.940213338061
     atom #    3
         -2.457696548082         -0.000000000000         -0.000000000000
          0.000000000000         -2.457696573239          0.000000002996
          0.000000000000          0.000000002996         -3.239484932261
     atom #    4
         -2.457696548082          0.000000000000         -0.000000000000
          0.000000000000         -2.457696573239          0.000000002996
          0.000000000000          0.000000002996         -3.239484932261

     Effective Charges U-E: Z_{s,alpha}{beta}

     atom #    1
      0.199843262817E+01      0.355271367880E-14      0.000000000000E+00
      0.355271367880E-14      0.199843258058E+01      0.566923308298E-08
      0.000000000000E+00      0.566922864209E-08      0.288335963851E+01
     atom #    2
      0.199799872330E+01      0.000000000000E+00     -0.355271367880E-14
     -0.355271367880E-14      0.199799867571E+01      0.566938052060E-08
      0.532907051820E-14      0.566938673785E-08      0.288345127376E+01
     atom #    3
     -0.245464014337E+01      0.000000000000E+00      0.000000000000E+00
     -0.177635683940E-14     -0.245464016851E+01      0.299541280668E-08
      0.888178419700E-15      0.299541236259E-08     -0.321857278201E+01
     atom #    4
     -0.245464014337E+01      0.000000000000E+00      0.000000000000E+00
     -0.177635683940E-14     -0.245464016851E+01      0.299541280668E-08
      0.888178419700E-15      0.299541236259E-08     -0.321857278201E+01

     Diagonalizing the dynamical matrix

     q = (    0.000000000   0.000000000   0.000000000 ) 

 **************************************************************************
     freq (    1) =       0.955540 [THz] =      31.873384 [cm-1]
 (  0.000000  0.000000 -0.000000  0.000000 -0.499586  0.000000 ) 
 (  0.000000  0.000000 -0.000000  0.000000 -0.496765  0.000000 ) 
 (  0.000000  0.000000 -0.000000  0.000000 -0.501816  0.000000 ) 
 (  0.000000  0.000000 -0.000000  0.000000 -0.501816  0.000000 ) 
     freq (    2) =       1.064287 [THz] =      35.500797 [cm-1]
 ( -0.498405  0.000000  0.000004  0.000000 -0.000000  0.000000 ) 
 ( -0.491337  0.000000  0.000004  0.000000 -0.000000  0.000000 ) 
 ( -0.505064  0.000000  0.000004  0.000000 -0.000000  0.000000 ) 
 ( -0.505064  0.000000  0.000004  0.000000 -0.000000  0.000000 ) 
     freq (    3) =       1.064287 [THz] =      35.500797 [cm-1]
 (  0.000004  0.000000  0.498405  0.000000 -0.000000  0.000000 ) 
 (  0.000004  0.000000  0.491337  0.000000 -0.000000  0.000000 ) 
 (  0.000004 -0.000000  0.505064 -0.000000 -0.000000  0.000000 ) 
 (  0.000004 -0.000000  0.505064 -0.000000 -0.000000  0.000000 ) 
     freq (    4) =       6.209649 [THz] =     207.131593 [cm-1]
 ( -0.703642  0.000000 -0.000000  0.000000 -0.000000  0.000000 ) 
 (  0.710508  0.000000  0.000000  0.000000 -0.000000  0.000000 ) 
 (  0.005810  0.000000  0.000000  0.000000 -0.000000  0.000000 ) 
 (  0.005810  0.000000  0.000000  0.000000 -0.000000  0.000000 ) 
     freq (    5) =       6.209649 [THz] =     207.131593 [cm-1]
 ( -0.000000  0.000000  0.703642  0.000000  0.000000  0.000000 ) 
 (  0.000000  0.000000 -0.710508  0.000000 -0.000000  0.000000 ) 
 (  0.000000  0.000000 -0.005810  0.000000 -0.000000  0.000000 ) 
 (  0.000000  0.000000 -0.005810  0.000000 -0.000000  0.000000 ) 
     freq (    6) =       6.462002 [THz] =     215.549200 [cm-1]
 (  0.000000  0.000000  0.000000  0.000000  0.000000  0.000000 ) 
 ( -0.000000  0.000000 -0.000000  0.000000 -0.000000  0.000000 ) 
 ( -0.707107  0.000000 -0.000000  0.000000  0.000000  0.000000 ) 
 (  0.707107  0.000000  0.000000  0.000000  0.000000  0.000000 ) 
     freq (    7) =       6.462002 [THz] =     215.549200 [cm-1]
 (  0.000000  0.000000 -0.000000  0.000000  0.000000  0.000000 ) 
 ( -0.000000  0.000000  0.000000  0.000000  0.000000  0.000000 ) 
 (  0.000000  0.000000 -0.707107  0.000000 -0.000000  0.000000 ) 
 ( -0.000000  0.000000  0.707107  0.000000  0.000000  0.000000 ) 
     freq (    8) =       9.470334 [THz] =     315.896338 [cm-1]
 ( -0.000000  0.000000 -0.000000  0.000000  0.711385  0.000000 ) 
 ( -0.000000  0.000000  0.000000  0.000000 -0.701951  0.000000 ) 
 (  0.000000  0.000000 -0.000000  0.000000 -0.024464  0.000000 ) 
 ( -0.000000  0.000000 -0.000000  0.000000 -0.024464  0.000000 ) 
     freq (    9) =      10.106465 [THz] =     337.115373 [cm-1]
 ( -0.000000  0.000000 -0.000000  0.000000 -0.179556  0.000000 ) 
 (  0.000000  0.000000 -0.000000  0.000000 -0.194924  0.000000 ) 
 ( -0.000000  0.000000  0.000000  0.000000  0.681823  0.000000 ) 
 ( -0.000000  0.000000  0.000000  0.000000  0.681823  0.000000 ) 
     freq (   10) =      10.859772 [THz] =     362.243001 [cm-1]
 (  0.188923  0.000000 -0.000000  0.000000  0.000000  0.000000 ) 
 (  0.190134  0.000000 -0.000000  0.000000  0.000000  0.000000 ) 
 ( -0.681233  0.000000  0.000000  0.000000  0.000000  0.000000 ) 
 ( -0.681233  0.000000  0.000000  0.000000 -0.000000  0.000000 ) 
     freq (   11) =      10.859772 [THz] =     362.243001 [cm-1]
 (  0.000000 -0.000000  0.188923 -0.000000 -0.000000  0.000000 ) 
 (  0.000000 -0.000000  0.190134 -0.000000 -0.000000  0.000000 ) 
 ( -0.000000  0.000000 -0.681233  0.000000  0.000000  0.000000 ) 
 ( -0.000000  0.000000 -0.681233  0.000000  0.000000  0.000000 ) 
     freq (   12) =      11.056980 [THz] =     368.821150 [cm-1]
 (  0.000000  0.000000  0.000000  0.000000 -0.000000  0.000000 ) 
 (  0.000000  0.000000  0.000000  0.000000 -0.000000  0.000000 ) 
 ( -0.000000  0.000000  0.000000  0.000000 -0.707107  0.000000 ) 
 ( -0.000000  0.000000 -0.000000  0.000000  0.707107  0.000000 ) 
 **************************************************************************
