Dynamical matrix file
phonons on a grid                                                          
  3    4   0   9.6715500   0.0000000   0.0000000   0.0000000   0.0000000   0.0000000
Basis vectors
      0.290140853   -0.167512899    0.940843305
      0.000000000    0.335025799    0.940843305
     -0.290140853   -0.167512899    0.940843305
           1  'Ni1    '    53495.761538473613     
           2  'Ni2    '    53495.761538473613     
           3  'O      '    14582.561023192638     
    1    1      0.0000000000      0.0000000000      0.0000000000
    2    2      0.0000000000      0.0000000005      1.4112649575
    3    3      0.0000000000     -0.0000000003     -0.7056327489
    4    3      0.0000000000      0.0000000003      0.7056327489

     Dynamical  Matrix in cartesian axes

     q = (    0.861650462   0.497474127  -0.177146041 ) 

    1    1
  0.45658277   0.00000000     0.10379040   0.00000000     0.00549001   0.00000000
  0.10379040   0.00000000     0.33673594   0.00000000     0.00316966   0.00000000
  0.00549001   0.00000000     0.00316966   0.00000000     0.21774523   0.00000000
    1    2
  0.00000000   0.00000000     0.00000000   0.00000000     0.00000000  -0.00000000
  0.00000000   0.00000000     0.00000000   0.00000000     0.00000000  -0.00000000
  0.00000000  -0.00000000     0.00000000  -0.00000000     0.00000000   0.00000000
    1    3
 -0.01816595  -0.00000000     0.00829247   0.00000000    -0.00556449  -0.00000000
  0.00829247   0.00000000    -0.02774127  -0.00000000    -0.00321266  -0.00000000
 -0.01745436  -0.00000000    -0.01007728  -0.00000000    -0.01387338  -0.00000000
    1    4
 -0.01816595   0.00000000     0.00829247  -0.00000000    -0.00556449   0.00000000
  0.00829247  -0.00000000    -0.02774127   0.00000000    -0.00321266   0.00000000
 -0.01745436   0.00000000    -0.01007728   0.00000000    -0.01387338   0.00000000
    2    1
  0.00000000  -0.00000000     0.00000000  -0.00000000     0.00000000   0.00000000
  0.00000000  -0.00000000     0.00000000  -0.00000000     0.00000000   0.00000000
  0.00000000   0.00000000     0.00000000   0.00000000     0.00000000  -0.00000000
    2    2
  0.45884793   0.00000000     0.10365775   0.00000000     0.00674157   0.00000000
  0.10365775   0.00000000     0.33915428   0.00000000     0.00389225   0.00000000
  0.00674157   0.00000000     0.00389225   0.00000000     0.21895928   0.00000000
    2    3
  0.01799814  -0.00000000    -0.00856758   0.00000000     0.00542904  -0.00000000
 -0.00856758   0.00000000     0.02789114  -0.00000000     0.00313446  -0.00000000
  0.01715336  -0.00000000     0.00990350  -0.00000000     0.01402571  -0.00000000
    2    4
 -0.01799814   0.00000000     0.00856758  -0.00000000    -0.00542904   0.00000000
  0.00856758  -0.00000000    -0.02789114   0.00000000    -0.00313446   0.00000000
 -0.01715336   0.00000000    -0.00990350   0.00000000    -0.01402571   0.00000000
    3    1
 -0.01816595   0.00000000     0.00829247  -0.00000000    -0.01745436   0.00000000
  0.00829247  -0.00000000    -0.02774127   0.00000000    -0.01007728   0.00000000
 -0.00556449   0.00000000    -0.00321266   0.00000000    -0.01387338   0.00000000
    3    2
  0.01799814   0.00000000    -0.00856758  -0.00000000     0.01715336   0.00000000
 -0.00856758  -0.00000000     0.02789114   0.00000000     0.00990350   0.00000000
  0.00542904   0.00000000     0.00313446   0.00000000     0.01402571   0.00000000
    3    3
  0.14655067   0.00000000     0.03957361   0.00000000     0.01393484   0.00000000
  0.03957361   0.00000000     0.10085501   0.00000000     0.00804529   0.00000000
  0.01393484   0.00000000     0.00804529   0.00000000     0.07341604   0.00000000
    3    4
 -0.00018105   0.00000000    -0.00001729   0.00000000     0.00003390  -0.00000000
 -0.00001729   0.00000000    -0.00016109   0.00000000     0.00001957  -0.00000000
  0.00003390  -0.00000000     0.00001957  -0.00000000     0.00000257  -0.00000000
    4    1
 -0.01816595  -0.00000000     0.00829247   0.00000000    -0.01745436  -0.00000000
  0.00829247   0.00000000    -0.02774127  -0.00000000    -0.01007728  -0.00000000
 -0.00556449  -0.00000000    -0.00321266  -0.00000000    -0.01387338  -0.00000000
    4    2
 -0.01799814  -0.00000000     0.00856758   0.00000000    -0.01715336  -0.00000000
  0.00856758   0.00000000    -0.02789114  -0.00000000    -0.00990350  -0.00000000
 -0.00542904  -0.00000000    -0.00313446  -0.00000000    -0.01402571  -0.00000000
    4    3
 -0.00018105  -0.00000000    -0.00001729  -0.00000000     0.00003390   0.00000000
 -0.00001729  -0.00000000    -0.00016109  -0.00000000     0.00001957   0.00000000
  0.00003390   0.00000000     0.00001957   0.00000000     0.00000257   0.00000000
    4    4
  0.14655067   0.00000000     0.03957361   0.00000000     0.01393484   0.00000000
  0.03957361   0.00000000     0.10085501   0.00000000     0.00804529   0.00000000
  0.01393484   0.00000000     0.00804529   0.00000000     0.07341604   0.00000000

     Dynamical  Matrix in cartesian axes

     q = (   -0.861650462   0.497474127  -0.177146041 ) 

    1    1
  0.45658277   0.00000000    -0.10379040   0.00000000    -0.00549001   0.00000000
 -0.10379040   0.00000000     0.33673594   0.00000000     0.00316966   0.00000000
 -0.00549001   0.00000000     0.00316966   0.00000000     0.21774523   0.00000000
    1    2
  0.00000000   0.00000000     0.00000000  -0.00000000     0.00000000   0.00000000
  0.00000000  -0.00000000     0.00000000   0.00000000     0.00000000  -0.00000000
  0.00000000   0.00000000     0.00000000  -0.00000000     0.00000000   0.00000000
    1    3
 -0.01816595  -0.00000000    -0.00829247  -0.00000000     0.00556449   0.00000000
 -0.00829247  -0.00000000    -0.02774127  -0.00000000    -0.00321266  -0.00000000
  0.01745436   0.00000000    -0.01007728  -0.00000000    -0.01387338  -0.00000000
    1    4
 -0.01816595   0.00000000    -0.00829247   0.00000000     0.00556449  -0.00000000
 -0.00829247   0.00000000    -0.02774127   0.00000000    -0.00321266   0.00000000
  0.01745436  -0.00000000    -0.01007728   0.00000000    -0.01387338   0.00000000
    2    1
  0.00000000  -0.00000000     0.00000000   0.00000000     0.00000000  -0.00000000
  0.00000000   0.00000000     0.00000000  -0.00000000     0.00000000   0.00000000
  0.00000000  -0.00000000     0.00000000   0.00000000     0.00000000  -0.00000000
    2    2
  0.45884793   0.00000000    -0.10365775   0.00000000    -0.00674157   0.00000000
 -0.10365775   0.00000000     0.33915428   0.00000000     0.00389225   0.00000000
 -0.00674157   0.00000000     0.00389225   0.00000000     0.21895928   0.00000000
    2    3
  0.01799814  -0.00000000     0.00856758  -0.00000000    -0.00542904   0.00000000
  0.00856758  -0.00000000     0.02789114  -0.00000000     0.00313446  -0.00000000
 -0.01715336   0.00000000     0.00990350  -0.00000000     0.01402571  -0.00000000
    2    4
 -0.01799814   0.00000000    -0.00856758   0.00000000     0.00542904  -0.00000000
 -0.00856758   0.00000000    -0.02789114   0.00000000    -0.00313446   0.00000000
  0.01715336  -0.00000000    -0.00990350   0.00000000    -0.01402571   0.00000000
    3    1
 -0.01816595   0.00000000    -0.00829247   0.00000000     0.01745436  -0.00000000
 -0.00829247   0.00000000    -0.02774127   0.00000000    -0.01007728   0.00000000
  0.00556449  -0.00000000    -0.00321266   0.00000000    -0.01387338   0.00000000
    3    2
  0.01799814   0.00000000     0.00856758   0.00000000    -0.01715336  -0.00000000
  0.00856758   0.00000000     0.02789114   0.00000000     0.00990350   0.00000000
 -0.00542904  -0.00000000     0.00313446   0.00000000     0.01402571   0.00000000
    3    3
  0.14655067   0.00000000    -0.03957361   0.00000000    -0.01393484   0.00000000
 -0.03957361   0.00000000     0.10085501   0.00000000     0.00804529   0.00000000
 -0.01393484   0.00000000     0.00804529   0.00000000     0.07341604   0.00000000
    3    4
 -0.00018105   0.00000000     0.00001729  -0.00000000    -0.00003390   0.00000000
  0.00001729  -0.00000000    -0.00016109   0.00000000     0.00001957  -0.00000000
 -0.00003390   0.00000000     0.00001957  -0.00000000     0.00000257  -0.00000000
    4    1
 -0.01816595  -0.00000000    -0.00829247  -0.00000000     0.01745436   0.00000000
 -0.00829247  -0.00000000    -0.02774127  -0.00000000    -0.01007728  -0.00000000
  0.00556449   0.00000000    -0.00321266  -0.00000000    -0.01387338  -0.00000000
    4    2
 -0.01799814  -0.00000000    -0.00856758  -0.00000000     0.01715336   0.00000000
 -0.00856758  -0.00000000    -0.02789114  -0.00000000    -0.00990350  -0.00000000
  0.00542904   0.00000000    -0.00313446  -0.00000000    -0.01402571  -0.00000000
    4    3
 -0.00018105  -0.00000000     0.00001729   0.00000000    -0.00003390  -0.00000000
  0.00001729   0.00000000    -0.00016109  -0.00000000     0.00001957   0.00000000
 -0.00003390  -0.00000000     0.00001957   0.00000000     0.00000257   0.00000000
    4    4
  0.14655067   0.00000000    -0.03957361   0.00000000    -0.01393484   0.00000000
 -0.03957361   0.00000000     0.10085501   0.00000000     0.00804529   0.00000000
 -0.01393484   0.00000000     0.00804529   0.00000000     0.07341604   0.00000000

     Dynamical  Matrix in cartesian axes

     q = (    0.000000000  -0.994948254  -0.177146041 ) 

    1    1
  0.27681252   0.00000000     0.00000000   0.00000000    -0.00000000   0.00000000
  0.00000000   0.00000000     0.51650618   0.00000000    -0.00633932   0.00000000
  0.00000000   0.00000000    -0.00633932   0.00000000     0.21774523   0.00000000
    1    2
  0.00000000   0.00000000     0.00000000   0.00000000    -0.00000000   0.00000000
  0.00000000   0.00000000    -0.00000000   0.00000000    -0.00000000   0.00000000
  0.00000000   0.00000000     0.00000000   0.00000000     0.00000000   0.00000000
    1    3
 -0.03252893  -0.00000000     0.00000000   0.00000000    -0.00000000  -0.00000000
  0.00000000   0.00000000    -0.01337829  -0.00000000     0.00642532   0.00000000
 -0.00000000  -0.00000000     0.02015456   0.00000000    -0.01387338  -0.00000000
    1    4
 -0.03252893   0.00000000     0.00000000   0.00000000    -0.00000000   0.00000000
  0.00000000  -0.00000000    -0.01337829   0.00000000     0.00642532  -0.00000000
 -0.00000000   0.00000000     0.02015456  -0.00000000    -0.01387338   0.00000000
    2    1
  0.00000000  -0.00000000     0.00000000   0.00000000     0.00000000   0.00000000
  0.00000000   0.00000000     0.00000000  -0.00000000     0.00000000  -0.00000000
  0.00000000  -0.00000000     0.00000000  -0.00000000     0.00000000  -0.00000000
    2    2
  0.27930745   0.00000000     0.00000000   0.00000000     0.00000000   0.00000000
  0.00000000   0.00000000     0.51869476   0.00000000    -0.00778450   0.00000000
  0.00000000   0.00000000    -0.00778450   0.00000000     0.21895928   0.00000000
    2    3
  0.03283763   0.00000000     0.00000000   0.00000000    -0.00000000   0.00000000
  0.00000000   0.00000000     0.01305165   0.00000000    -0.00626892  -0.00000000
  0.00000000   0.00000000    -0.01980700  -0.00000000     0.01402571   0.00000000
    2    4
 -0.03283763   0.00000000     0.00000000   0.00000000     0.00000000   0.00000000
  0.00000000  -0.00000000    -0.01305165   0.00000000     0.00626892  -0.00000000
  0.00000000   0.00000000     0.01980700  -0.00000000    -0.01402571   0.00000000
    3    1
 -0.03252893   0.00000000    -0.00000000   0.00000000     0.00000000   0.00000000
  0.00000000  -0.00000000    -0.01337829   0.00000000     0.02015456  -0.00000000
 -0.00000000   0.00000000     0.00642532  -0.00000000    -0.01387338   0.00000000
    3    2
  0.03283763  -0.00000000    -0.00000000   0.00000000    -0.00000000   0.00000000
  0.00000000   0.00000000     0.01305165  -0.00000000    -0.01980700   0.00000000
  0.00000000   0.00000000    -0.00626892   0.00000000     0.01402571  -0.00000000
    3    3
  0.07800717   0.00000000     0.00000000   0.00000000     0.00000000   0.00000000
 -0.00000000   0.00000000     0.16939851   0.00000000    -0.01609057   0.00000000
  0.00000000   0.00000000    -0.01609057   0.00000000     0.07341604   0.00000000
    3    4
 -0.00015111   0.00000000    -0.00000000   0.00000000    -0.00000000  -0.00000000
 -0.00000000  -0.00000000    -0.00019103   0.00000000    -0.00003914   0.00000000
  0.00000000   0.00000000    -0.00003914   0.00000000     0.00000257  -0.00000000
    4    1
 -0.03252893  -0.00000000    -0.00000000   0.00000000     0.00000000  -0.00000000
  0.00000000   0.00000000    -0.01337829  -0.00000000     0.02015456   0.00000000
 -0.00000000  -0.00000000     0.00642532   0.00000000    -0.01387338  -0.00000000
    4    2
 -0.03283763  -0.00000000     0.00000000   0.00000000     0.00000000   0.00000000
  0.00000000   0.00000000    -0.01305165  -0.00000000     0.01980700   0.00000000
  0.00000000   0.00000000     0.00626892   0.00000000    -0.01402571  -0.00000000
    4    3
 -0.00015111  -0.00000000    -0.00000000   0.00000000    -0.00000000   0.00000000
 -0.00000000   0.00000000    -0.00019103  -0.00000000    -0.00003914  -0.00000000
  0.00000000  -0.00000000    -0.00003914  -0.00000000     0.00000257   0.00000000
    4    4
  0.07800717   0.00000000     0.00000000   0.00000000     0.00000000   0.00000000
 -0.00000000   0.00000000     0.16939851   0.00000000    -0.01609057   0.00000000
  0.00000000   0.00000000    -0.01609057   0.00000000     0.07341604   0.00000000

     Diagonalizing the dynamical matrix

     q = (    0.861650462   0.497474127  -0.177146041 ) 

 **************************************************************************
     freq (    1) =       6.248641 [THz] =     208.432220 [cm-1]
 ( -0.240565  0.000000  0.416671  0.000000  0.000000  0.000000 ) 
 (  0.000000  0.000000 -0.000000  0.000000 -0.000000  0.000000 ) 
 ( -0.309942  0.000000  0.536836  0.000000  0.000000  0.000000 ) 
 ( -0.309942  0.000000  0.536836  0.000000  0.000000  0.000000 ) 
     freq (    2) =       6.264780 [THz] =     208.970557 [cm-1]
 ( -0.000000  0.000000  0.000000  0.000000  0.000000  0.000000 ) 
 ( -0.239041  0.000000  0.414032  0.000000  0.000000  0.000000 ) 
 (  0.310531  0.000000 -0.537856  0.000000 -0.000000  0.000000 ) 
 ( -0.310531  0.000000  0.537856  0.000000  0.000000  0.000000 ) 
     freq (    3) =       6.308646 [THz] =     210.433790 [cm-1]
 (  0.008323  0.000000  0.004805  0.000000  0.741469  0.000000 ) 
 (  0.000000  0.000000 -0.000000  0.000000  0.000000  0.000000 ) 
 (  0.056136  0.000000  0.032410  0.000000  0.469962  0.000000 ) 
 (  0.056136  0.000000  0.032410  0.000000  0.469962  0.000000 ) 
     freq (    4) =       6.321150 [THz] =     210.850881 [cm-1]
 (  0.000000  0.000000 -0.000000  0.000000  0.000000  0.000000 ) 
 ( -0.004978  0.000000 -0.002874  0.000000 -0.732499  0.000000 ) 
 (  0.051750  0.000000  0.029878  0.000000  0.477635  0.000000 ) 
 ( -0.051750  0.000000 -0.029878  0.000000 -0.477635  0.000000 ) 
     freq (    5) =       7.412888 [THz] =     247.267326 [cm-1]
 ( -0.020568  0.000000 -0.011875  0.000000  0.224487  0.000000 ) 
 ( -0.000000  0.000000 -0.000000  0.000000  0.000000  0.000000 ) 
 (  0.136699  0.000000  0.078923  0.000000 -0.670526  0.000000 ) 
 (  0.136699  0.000000  0.078923  0.000000 -0.670526  0.000000 ) 
     freq (    6) =       7.423589 [THz] =     247.624290 [cm-1]
 (  0.000000  0.000000  0.000000  0.000000 -0.000000  0.000000 ) 
 ( -0.021398  0.000000 -0.012354  0.000000  0.231192  0.000000 ) 
 ( -0.136284  0.000000 -0.078683  0.000000  0.669482  0.000000 ) 
 (  0.136284  0.000000  0.078683  0.000000 -0.669482  0.000000 ) 
     freq (    7) =       8.645363 [THz] =     288.378269 [cm-1]
 ( -0.222417  0.000000  0.385237  0.000000 -0.000000  0.000000 ) 
 ( -0.000000  0.000000  0.000000  0.000000 -0.000000  0.000000 ) 
 (  0.316647  0.000000 -0.548449  0.000000  0.000000  0.000000 ) 
 (  0.316647  0.000000 -0.548449  0.000000  0.000000  0.000000 ) 
     freq (    8) =       8.675795 [THz] =     289.393358 [cm-1]
 (  0.000000  0.000000 -0.000000  0.000000  0.000000  0.000000 ) 
 ( -0.223892  0.000000  0.387792  0.000000 -0.000000  0.000000 ) 
 ( -0.316127  0.000000  0.547548  0.000000 -0.000000  0.000000 ) 
 (  0.316127  0.000000 -0.547548  0.000000  0.000000  0.000000 ) 
     freq (    9) =      10.112843 [THz] =     337.328130 [cm-1]
 ( -0.753577  0.000000 -0.435078  0.000000  0.030195  0.000000 ) 
 (  0.000000  0.000000  0.000000  0.000000 -0.000000  0.000000 ) 
 ( -0.301139  0.000000 -0.173862  0.000000 -0.006782  0.000000 ) 
 ( -0.301139  0.000000 -0.173862  0.000000 -0.006782  0.000000 ) 
     freq (   10) =      10.137897 [THz] =     338.163828 [cm-1]
 (  0.000000  0.000000  0.000000  0.000000 -0.000000  0.000000 ) 
 (  0.754672  0.000000  0.435710  0.000000 -0.024660  0.000000 ) 
 ( -0.299954  0.000000 -0.173179  0.000000 -0.006802  0.000000 ) 
 (  0.299954  0.000000  0.173179  0.000000  0.006802  0.000000 ) 
     freq (   11) =      11.471992 [THz] =     382.664452 [cm-1]
 ( -0.132015  0.000000 -0.076219  0.000000 -0.074140  0.000000 ) 
 ( -0.000000  0.000000 -0.000000  0.000000 -0.000000  0.000000 ) 
 (  0.593606  0.000000  0.342719  0.000000  0.125732  0.000000 ) 
 (  0.593606  0.000000  0.342719  0.000000  0.125732  0.000000 ) 
     freq (   12) =      11.478270 [THz] =     382.873887 [cm-1]
 (  0.000000  0.000000  0.000000  0.000000  0.000000  0.000000 ) 
 ( -0.130957  0.000000 -0.075608  0.000000 -0.073668  0.000000 ) 
 ( -0.593897  0.000000 -0.342887  0.000000 -0.124770  0.000000 ) 
 (  0.593897  0.000000  0.342887  0.000000  0.124770  0.000000 ) 
 **************************************************************************
