Dynamical matrix file
phonons on a grid                                                          
  3    4   0   9.6715500   0.0000000   0.0000000   0.0000000   0.0000000   0.0000000
Basis vectors
      0.290140853   -0.167512899    0.940843305
      0.000000000    0.335025799    0.940843305
     -0.290140853   -0.167512899    0.940843305
           1  'Ni1    '    53495.761538473613     
           2  'Ni2    '    53495.761538473613     
           3  'O      '    14582.561023192638     
    1    1      0.0000000000      0.0000000000      0.0000000000
    2    2      0.0000000000      0.0000000005      1.4112649575
    3    3      0.0000000000     -0.0000000003     -0.7056327489
    4    3      0.0000000000      0.0000000003      0.7056327489

     Dynamical  Matrix in cartesian axes

     q = (    0.861650462  -0.497474127  -0.354292082 ) 

    1    1
  0.45232508   0.00000000    -0.10985438   0.00000000    -0.01381000   0.00000000
 -0.10985438   0.00000000     0.32547617   0.00000000     0.00797321   0.00000000
 -0.01381000   0.00000000     0.00797321   0.00000000     0.19837603   0.00000000
    1    2
 -0.01628410  -0.00000000     0.03110012   0.00000000     0.06932978   0.00000000
  0.03110012   0.00000000     0.01962723   0.00000000    -0.04002757  -0.00000000
  0.07002448   0.00000000    -0.04042865  -0.00000000     0.03909451   0.00000000
    1    3
  0.01079521  -0.00000000     0.01461012  -0.00000000    -0.01135626   0.00000000
  0.01461012  -0.00000000     0.02766552  -0.00000000     0.00655654  -0.00000000
 -0.01695040   0.00000000     0.00978632  -0.00000000     0.01709533  -0.00000000
    1    4
  0.01079521   0.00000000     0.01461012   0.00000000    -0.01135626  -0.00000000
  0.01461012   0.00000000     0.02766552   0.00000000     0.00655654   0.00000000
 -0.01695040  -0.00000000     0.00978632   0.00000000     0.01709533   0.00000000
    2    1
 -0.01628410   0.00000000     0.03110012  -0.00000000     0.07002448  -0.00000000
  0.03110012  -0.00000000     0.01962723  -0.00000000    -0.04042865   0.00000000
  0.06932978  -0.00000000    -0.04002757   0.00000000     0.03909451  -0.00000000
    2    2
  0.45417057   0.00000000    -0.10877047   0.00000000    -0.01402936   0.00000000
 -0.10877047   0.00000000     0.32857325   0.00000000     0.00809986   0.00000000
 -0.01402936   0.00000000     0.00809986   0.00000000     0.20132509   0.00000000
    2    3
  0.01235345  -0.00000000     0.01368177  -0.00000000    -0.01301145   0.00000000
  0.01368177  -0.00000000     0.02815180  -0.00000000     0.00751216  -0.00000000
 -0.01768779   0.00000000     0.01021205  -0.00000000     0.01793794  -0.00000000
    2    4
  0.01235345  -0.00000000     0.01368177  -0.00000000    -0.01301145   0.00000000
  0.01368177  -0.00000000     0.02815180  -0.00000000     0.00751216  -0.00000000
 -0.01768779   0.00000000     0.01021205  -0.00000000     0.01793794  -0.00000000
    3    1
  0.01079521   0.00000000     0.01461012   0.00000000    -0.01695040  -0.00000000
  0.01461012   0.00000000     0.02766552   0.00000000     0.00978632   0.00000000
 -0.01135626  -0.00000000     0.00655654   0.00000000     0.01709533   0.00000000
    3    2
  0.01235345   0.00000000     0.01368177   0.00000000    -0.01768779  -0.00000000
  0.01368177   0.00000000     0.02815180   0.00000000     0.01021205   0.00000000
 -0.01301145  -0.00000000     0.00751216   0.00000000     0.01793794   0.00000000
    3    3
  0.13858682   0.00000000    -0.03091955   0.00000000    -0.01477578   0.00000000
 -0.03091955   0.00000000     0.10288400   0.00000000     0.00853080   0.00000000
 -0.01477578   0.00000000     0.00853080   0.00000000     0.07446598   0.00000000
    3    4
  0.00981846   0.00000000     0.02726356   0.00000000     0.02529879   0.00000000
  0.02726356   0.00000000     0.04129971   0.00000000    -0.01460626  -0.00000000
  0.02529879   0.00000000    -0.01460626  -0.00000000     0.05356610   0.00000000
    4    1
  0.01079521  -0.00000000     0.01461012  -0.00000000    -0.01695040   0.00000000
  0.01461012  -0.00000000     0.02766552  -0.00000000     0.00978632  -0.00000000
 -0.01135626   0.00000000     0.00655654  -0.00000000     0.01709533  -0.00000000
    4    2
  0.01235345   0.00000000     0.01368177   0.00000000    -0.01768779  -0.00000000
  0.01368177   0.00000000     0.02815180   0.00000000     0.01021205   0.00000000
 -0.01301145  -0.00000000     0.00751216   0.00000000     0.01793794   0.00000000
    4    3
  0.00981846  -0.00000000     0.02726356  -0.00000000     0.02529879  -0.00000000
  0.02726356  -0.00000000     0.04129971  -0.00000000    -0.01460626   0.00000000
  0.02529879  -0.00000000    -0.01460626   0.00000000     0.05356610  -0.00000000
    4    4
  0.13858682   0.00000000    -0.03091955   0.00000000    -0.01477578   0.00000000
 -0.03091955   0.00000000     0.10288400   0.00000000     0.00853080   0.00000000
 -0.01477578   0.00000000     0.00853080   0.00000000     0.07446598   0.00000000

     Dynamical  Matrix in cartesian axes

     q = (   -0.861650462  -0.497474127  -0.354292082 ) 

    1    1
  0.45232508   0.00000000     0.10985438   0.00000000     0.01381000   0.00000000
  0.10985438   0.00000000     0.32547617   0.00000000     0.00797321   0.00000000
  0.01381000   0.00000000     0.00797321   0.00000000     0.19837603   0.00000000
    1    2
 -0.01628410  -0.00000000    -0.03110012  -0.00000000    -0.06932978  -0.00000000
 -0.03110012  -0.00000000     0.01962723   0.00000000    -0.04002757  -0.00000000
 -0.07002448  -0.00000000    -0.04042865  -0.00000000     0.03909451   0.00000000
    1    3
  0.01079521  -0.00000000    -0.01461012   0.00000000     0.01135626  -0.00000000
 -0.01461012   0.00000000     0.02766552  -0.00000000     0.00655654  -0.00000000
  0.01695040  -0.00000000     0.00978632  -0.00000000     0.01709533  -0.00000000
    1    4
  0.01079521   0.00000000    -0.01461012  -0.00000000     0.01135626   0.00000000
 -0.01461012  -0.00000000     0.02766552   0.00000000     0.00655654   0.00000000
  0.01695040   0.00000000     0.00978632   0.00000000     0.01709533   0.00000000
    2    1
 -0.01628410   0.00000000    -0.03110012   0.00000000    -0.07002448   0.00000000
 -0.03110012   0.00000000     0.01962723  -0.00000000    -0.04042865   0.00000000
 -0.06932978   0.00000000    -0.04002757   0.00000000     0.03909451  -0.00000000
    2    2
  0.45417057   0.00000000     0.10877047   0.00000000     0.01402936   0.00000000
  0.10877047   0.00000000     0.32857325   0.00000000     0.00809986   0.00000000
  0.01402936   0.00000000     0.00809986   0.00000000     0.20132509   0.00000000
    2    3
  0.01235345  -0.00000000    -0.01368177   0.00000000     0.01301145  -0.00000000
 -0.01368177   0.00000000     0.02815180  -0.00000000     0.00751216  -0.00000000
  0.01768779  -0.00000000     0.01021205  -0.00000000     0.01793794  -0.00000000
    2    4
  0.01235345  -0.00000000    -0.01368177   0.00000000     0.01301145  -0.00000000
 -0.01368177   0.00000000     0.02815180  -0.00000000     0.00751216  -0.00000000
  0.01768779  -0.00000000     0.01021205  -0.00000000     0.01793794  -0.00000000
    3    1
  0.01079521   0.00000000    -0.01461012  -0.00000000     0.01695040   0.00000000
 -0.01461012  -0.00000000     0.02766552   0.00000000     0.00978632   0.00000000
  0.01135626   0.00000000     0.00655654   0.00000000     0.01709533   0.00000000
    3    2
  0.01235345   0.00000000    -0.01368177  -0.00000000     0.01768779   0.00000000
 -0.01368177  -0.00000000     0.02815180   0.00000000     0.01021205   0.00000000
  0.01301145   0.00000000     0.00751216   0.00000000     0.01793794   0.00000000
    3    3
  0.13858682   0.00000000     0.03091955   0.00000000     0.01477578   0.00000000
  0.03091955   0.00000000     0.10288400   0.00000000     0.00853080   0.00000000
  0.01477578   0.00000000     0.00853080   0.00000000     0.07446598   0.00000000
    3    4
  0.00981846   0.00000000    -0.02726356  -0.00000000    -0.02529879  -0.00000000
 -0.02726356  -0.00000000     0.04129971   0.00000000    -0.01460626  -0.00000000
 -0.02529879  -0.00000000    -0.01460626  -0.00000000     0.05356610   0.00000000
    4    1
  0.01079521  -0.00000000    -0.01461012   0.00000000     0.01695040  -0.00000000
 -0.01461012   0.00000000     0.02766552  -0.00000000     0.00978632  -0.00000000
  0.01135626  -0.00000000     0.00655654  -0.00000000     0.01709533  -0.00000000
    4    2
  0.01235345   0.00000000    -0.01368177  -0.00000000     0.01768779   0.00000000
 -0.01368177  -0.00000000     0.02815180   0.00000000     0.01021205   0.00000000
  0.01301145   0.00000000     0.00751216   0.00000000     0.01793794   0.00000000
    4    3
  0.00981846  -0.00000000    -0.02726356   0.00000000    -0.02529879   0.00000000
 -0.02726356   0.00000000     0.04129971  -0.00000000    -0.01460626   0.00000000
 -0.02529879   0.00000000    -0.01460626   0.00000000     0.05356610  -0.00000000
    4    4
  0.13858682   0.00000000     0.03091955   0.00000000     0.01477578   0.00000000
  0.03091955   0.00000000     0.10288400   0.00000000     0.00853080   0.00000000
  0.01477578   0.00000000     0.00853080   0.00000000     0.07446598   0.00000000

     Dynamical  Matrix in cartesian axes

     q = (    0.000000000   0.994948254  -0.354292082 ) 

    1    1
  0.26205172   0.00000000     0.00000000   0.00000000    -0.00000000   0.00000000
  0.00000000   0.00000000     0.51574954   0.00000000    -0.01594642   0.00000000
 -0.00000000   0.00000000    -0.01594642   0.00000000     0.19837603   0.00000000
    1    2
  0.03758289   0.00000000    -0.00000000  -0.00000000     0.00000000  -0.00000000
 -0.00000000  -0.00000000    -0.03423976  -0.00000000     0.08005513   0.00000000
  0.00000000  -0.00000000     0.08085730   0.00000000     0.03909451   0.00000000
    1    3
  0.03610068  -0.00000000     0.00000000   0.00000000     0.00000000   0.00000000
 -0.00000000   0.00000000     0.00236005  -0.00000000    -0.01311308   0.00000000
 -0.00000000   0.00000000    -0.01957263   0.00000000     0.01709533  -0.00000000
    1    4
  0.03610068   0.00000000     0.00000000   0.00000000     0.00000000  -0.00000000
 -0.00000000   0.00000000     0.00236005   0.00000000    -0.01311308  -0.00000000
 -0.00000000   0.00000000    -0.01957263  -0.00000000     0.01709533   0.00000000
    2    1
  0.03758289  -0.00000000     0.00000000  -0.00000000    -0.00000000   0.00000000
 -0.00000000   0.00000000    -0.03423976   0.00000000     0.08085730  -0.00000000
 -0.00000000   0.00000000     0.08005513  -0.00000000     0.03909451  -0.00000000
    2    2
  0.26577459   0.00000000     0.00000000   0.00000000     0.00000000   0.00000000
  0.00000000   0.00000000     0.51696924   0.00000000    -0.01619972   0.00000000
  0.00000000   0.00000000    -0.01619972   0.00000000     0.20132509   0.00000000
    2    3
  0.03605097  -0.00000000    -0.00000000   0.00000000    -0.00000000   0.00000000
  0.00000000   0.00000000     0.00445428  -0.00000000    -0.01502433   0.00000000
  0.00000000   0.00000000    -0.02042410   0.00000000     0.01793794  -0.00000000
    2    4
  0.03605097  -0.00000000    -0.00000000   0.00000000    -0.00000000   0.00000000
  0.00000000   0.00000000     0.00445428  -0.00000000    -0.01502433   0.00000000
  0.00000000   0.00000000    -0.02042410   0.00000000     0.01793794  -0.00000000
    3    1
  0.03610068   0.00000000     0.00000000  -0.00000000     0.00000000  -0.00000000
  0.00000000   0.00000000     0.00236005   0.00000000    -0.01957263  -0.00000000
  0.00000000  -0.00000000    -0.01311308  -0.00000000     0.01709533   0.00000000
    3    2
  0.03605097   0.00000000     0.00000000   0.00000000    -0.00000000  -0.00000000
  0.00000000   0.00000000     0.00445428   0.00000000    -0.02042410  -0.00000000
  0.00000000   0.00000000    -0.01502433  -0.00000000     0.01793794   0.00000000
    3    3
  0.08503259   0.00000000     0.00000000   0.00000000     0.00000000   0.00000000
  0.00000000   0.00000000     0.15643824   0.00000000    -0.01706161   0.00000000
  0.00000000   0.00000000    -0.01706161   0.00000000     0.07446598   0.00000000
    3    4
  0.05704033   0.00000000     0.00000000  -0.00000000    -0.00000000   0.00000000
  0.00000000   0.00000000    -0.00592216  -0.00000000     0.02921253   0.00000000
 -0.00000000   0.00000000     0.02921253   0.00000000     0.05356610   0.00000000
    4    1
  0.03610068  -0.00000000     0.00000000   0.00000000     0.00000000   0.00000000
  0.00000000  -0.00000000     0.00236005  -0.00000000    -0.01957263   0.00000000
  0.00000000   0.00000000    -0.01311308   0.00000000     0.01709533  -0.00000000
    4    2
  0.03605097   0.00000000     0.00000000   0.00000000    -0.00000000   0.00000000
  0.00000000   0.00000000     0.00445428   0.00000000    -0.02042410  -0.00000000
  0.00000000   0.00000000    -0.01502433  -0.00000000     0.01793794   0.00000000
    4    3
  0.05704033  -0.00000000     0.00000000   0.00000000    -0.00000000   0.00000000
  0.00000000  -0.00000000    -0.00592216   0.00000000     0.02921253  -0.00000000
 -0.00000000   0.00000000     0.02921253  -0.00000000     0.05356610  -0.00000000
    4    4
  0.08503259   0.00000000     0.00000000   0.00000000     0.00000000   0.00000000
  0.00000000   0.00000000     0.15643824   0.00000000    -0.01706161   0.00000000
  0.00000000   0.00000000    -0.01706161   0.00000000     0.07446598   0.00000000

     Diagonalizing the dynamical matrix

     q = (    0.861650462  -0.497474127  -0.354292082 ) 

 **************************************************************************
     freq (    1) =       2.296778 [THz] =      76.612255 [cm-1]
 (  0.000000  0.000000 -0.000000  0.000000 -0.000000  0.000000 ) 
 (  0.000000  0.000000 -0.000000  0.000000 -0.000000  0.000000 ) 
 ( -0.174917  0.000000  0.100989 -0.000000 -0.677647  0.000000 ) 
 (  0.174917 -0.000000 -0.100989  0.000000  0.677647  0.000000 ) 
     freq (    2) =       4.558029 [THz] =     152.039489 [cm-1]
 (  0.000000  0.000000  0.000000  0.000000 -0.000000  0.000000 ) 
 ( -0.000000  0.000000  0.000000  0.000000  0.000000  0.000000 ) 
 (  0.353553  0.000000  0.612372  0.000000 -0.000000  0.000000 ) 
 ( -0.353553  0.000000 -0.612372  0.000000  0.000000  0.000000 ) 
     freq (    3) =       5.286391 [THz] =     176.335014 [cm-1]
 (  0.135553  0.000000 -0.078262  0.000000  0.705622  0.000000 ) 
 ( -0.143517  0.000000  0.082860  0.000000 -0.670835  0.000000 ) 
 (  0.004214  0.000000 -0.002433  0.000000 -0.005819  0.000000 ) 
 (  0.004214  0.000000 -0.002433  0.000000 -0.005819  0.000000 ) 
     freq (    4) =       6.029945 [THz] =     201.137326 [cm-1]
 (  0.132813  0.000000 -0.076680  0.000000 -0.526510  0.000000 ) 
 (  0.131514  0.000000 -0.075930  0.000000 -0.558175  0.000000 ) 
 ( -0.228778  0.000000  0.132085  0.000000  0.335467  0.000000 ) 
 ( -0.228778  0.000000  0.132085  0.000000  0.335467  0.000000 ) 
     freq (    5) =       6.761824 [THz] =     225.550187 [cm-1]
 (  0.404669  0.000000  0.700908  0.000000 -0.000000  0.000000 ) 
 ( -0.283334  0.000000 -0.490750  0.000000  0.000000  0.000000 ) 
 ( -0.054610  0.000000 -0.094587  0.000000 -0.000000  0.000000 ) 
 ( -0.054610  0.000000 -0.094587  0.000000 -0.000000  0.000000 ) 
     freq (    6) =       6.897363 [THz] =     230.071262 [cm-1]
 ( -0.200843  0.000000 -0.347870  0.000000 -0.000000  0.000000 ) 
 ( -0.311769  0.000000 -0.539999  0.000000 -0.000000  0.000000 ) 
 (  0.237131  0.000000  0.410724  0.000000  0.000000  0.000000 ) 
 (  0.237131  0.000000  0.410724  0.000000  0.000000  0.000000 ) 
     freq (    7) =       9.644345 [THz] =     321.700715 [cm-1]
 ( -0.218084  0.000000  0.125911  0.000000 -0.190180  0.000000 ) 
 ( -0.237516  0.000000  0.137130  0.000000 -0.187806  0.000000 ) 
 (  0.063331  0.000000 -0.036564  0.000000 -0.624192  0.000000 ) 
 (  0.063331  0.000000 -0.036564  0.000000 -0.624192  0.000000 ) 
     freq (    8) =      10.277612 [THz] =     342.824234 [cm-1]
 (  0.353941  0.000000 -0.204348  0.000000 -0.032469  0.000000 ) 
 (  0.286343  0.000000 -0.165320  0.000000 -0.016794  0.000000 ) 
 (  0.284850  0.000000 -0.164458  0.000000 -0.502959  0.000000 ) 
 (  0.284850  0.000000 -0.164458  0.000000 -0.502959  0.000000 ) 
     freq (    9) =      10.766099 [THz] =     359.118393 [cm-1]
 (  0.465517  0.000000 -0.268766  0.000000 -0.164859  0.000000 ) 
 ( -0.573542  0.000000  0.331135  0.000000  0.115784  0.000000 ) 
 (  0.240658  0.000000 -0.138944  0.000000  0.196761  0.000000 ) 
 (  0.240658  0.000000 -0.138944  0.000000  0.196761  0.000000 ) 
     freq (   10) =      10.848053 [THz] =     361.852088 [cm-1]
 ( -0.146528  0.000000  0.084598  0.000000 -0.038183  0.000000 ) 
 (  0.038019  0.000000 -0.021950  0.000000 -0.089029  0.000000 ) 
 (  0.563953  0.000000 -0.325598  0.000000  0.236588  0.000000 ) 
 (  0.563953  0.000000 -0.325598  0.000000  0.236588  0.000000 ) 
     freq (   11) =      10.905839 [THz] =     363.779621 [cm-1]
 ( -0.085980  0.000000 -0.148923  0.000000 -0.000000  0.000000 ) 
 ( -0.086776  0.000000 -0.150300  0.000000 -0.000000  0.000000 ) 
 ( -0.342839  0.000000 -0.593815  0.000000  0.000000  0.000000 ) 
 ( -0.342839  0.000000 -0.593815  0.000000  0.000000  0.000000 ) 
     freq (   12) =      11.434121 [THz] =     381.401233 [cm-1]
 (  0.000000 -0.000000  0.000000  0.000000  0.000000  0.000000 ) 
 (  0.000000 -0.000000  0.000000  0.000000  0.000000  0.000000 ) 
 (  0.586859  0.000000 -0.338823  0.000000 -0.201977  0.000000 ) 
 ( -0.586859  0.000000  0.338823  0.000000  0.201977 -0.000000 ) 
 **************************************************************************
