Dynamical matrix file
phonons on a grid                                                          
  3    4   0   9.6715500   0.0000000   0.0000000   0.0000000   0.0000000   0.0000000
Basis vectors
      0.290140853   -0.167512899    0.940843305
      0.000000000    0.335025799    0.940843305
     -0.290140853   -0.167512899    0.940843305
           1  'Ni1    '    53495.761538473613     
           2  'Ni2    '    53495.761538473613     
           3  'O      '    14582.561023192638     
    1    1      0.0000000000      0.0000000000      0.0000000000
    2    2      0.0000000000      0.0000000005      1.4112649575
    3    3      0.0000000000     -0.0000000003     -0.7056327489
    4    3      0.0000000000      0.0000000003      0.7056327489

     Dynamical  Matrix in cartesian axes

     q = (    0.000000000   0.000000000  -0.531438123 ) 

    1    1
  0.16913177   0.00000000     0.00000000   0.00000000    -0.00000000   0.00000000
  0.00000000   0.00000000     0.16913177   0.00000000    -0.00000000   0.00000000
  0.00000000   0.00000000    -0.00000000   0.00000000     0.31657134   0.00000000
    1    2
  0.00000000  -0.00000000     0.00000000   0.00000000     0.00000000   0.00000000
  0.00000000  -0.00000000     0.00000000  -0.00000000    -0.00000000   0.00000000
  0.00000000   0.00000000    -0.00000000   0.00000000    -0.00000000   0.00000000
    1    3
  0.05750727   0.00000000     0.00000000   0.00000000     0.00000000   0.00000000
 -0.00000000   0.00000000     0.05750727   0.00000000    -0.00000000   0.00000000
  0.00000000   0.00000000    -0.00000000   0.00000000     0.06904981   0.00000000
    1    4
  0.05750727   0.00000000     0.00000000   0.00000000     0.00000000   0.00000000
 -0.00000000   0.00000000     0.05750727   0.00000000    -0.00000000   0.00000000
  0.00000000   0.00000000    -0.00000000   0.00000000     0.06904981   0.00000000
    2    1
  0.00000000   0.00000000     0.00000000   0.00000000    -0.00000000   0.00000000
  0.00000000   0.00000000     0.00000000   0.00000000     0.00000000  -0.00000000
  0.00000000   0.00000000    -0.00000000  -0.00000000    -0.00000000  -0.00000000
    2    2
  0.17149078   0.00000000     0.00000000   0.00000000     0.00000000   0.00000000
  0.00000000   0.00000000     0.17149078   0.00000000    -0.00000000   0.00000000
  0.00000000   0.00000000    -0.00000000   0.00000000     0.31916598   0.00000000
    2    3
 -0.05748227   0.00000000    -0.00000000   0.00000000    -0.00000000  -0.00000000
  0.00000000  -0.00000000    -0.05748227   0.00000000     0.00000000  -0.00000000
  0.00000000   0.00000000     0.00000000  -0.00000000    -0.06911331   0.00000000
    2    4
  0.05748227  -0.00000000     0.00000000   0.00000000     0.00000000   0.00000000
  0.00000000   0.00000000     0.05748227  -0.00000000    -0.00000000   0.00000000
  0.00000000   0.00000000    -0.00000000   0.00000000     0.06911331  -0.00000000
    3    1
  0.05750727   0.00000000     0.00000000   0.00000000     0.00000000   0.00000000
 -0.00000000   0.00000000     0.05750727   0.00000000    -0.00000000   0.00000000
  0.00000000   0.00000000    -0.00000000   0.00000000     0.06904981   0.00000000
    3    2
 -0.05748227  -0.00000000     0.00000000   0.00000000     0.00000000   0.00000000
 -0.00000000  -0.00000000    -0.05748227  -0.00000000     0.00000000   0.00000000
 -0.00000000   0.00000000     0.00000000   0.00000000    -0.06911331  -0.00000000
    3    3
  0.07873607   0.00000000     0.00000000   0.00000000     0.00000000   0.00000000
 -0.00000000   0.00000000     0.07873607   0.00000000    -0.00000000   0.00000000
  0.00000000   0.00000000    -0.00000000   0.00000000     0.15770997   0.00000000
    3    4
 -0.00001339   0.00000000     0.00000000   0.00000000     0.00000000   0.00000000
  0.00000000   0.00000000    -0.00001339   0.00000000     0.00000000   0.00000000
  0.00000000   0.00000000     0.00000000   0.00000000     0.00001682   0.00000000
    4    1
  0.05750727   0.00000000     0.00000000   0.00000000     0.00000000   0.00000000
 -0.00000000   0.00000000     0.05750727   0.00000000    -0.00000000   0.00000000
  0.00000000   0.00000000    -0.00000000   0.00000000     0.06904981   0.00000000
    4    2
  0.05748227   0.00000000     0.00000000   0.00000000     0.00000000   0.00000000
  0.00000000   0.00000000     0.05748227   0.00000000    -0.00000000  -0.00000000
  0.00000000   0.00000000    -0.00000000  -0.00000000     0.06911331   0.00000000
    4    3
 -0.00001339   0.00000000    -0.00000000   0.00000000    -0.00000000   0.00000000
 -0.00000000   0.00000000    -0.00001339   0.00000000     0.00000000   0.00000000
 -0.00000000   0.00000000     0.00000000   0.00000000     0.00001682   0.00000000
    4    4
  0.07873607   0.00000000     0.00000000   0.00000000     0.00000000   0.00000000
 -0.00000000   0.00000000     0.07873607   0.00000000    -0.00000000   0.00000000
  0.00000000   0.00000000    -0.00000000   0.00000000     0.15770997   0.00000000

     Diagonalizing the dynamical matrix

     q = (    0.000000000   0.000000000  -0.531438123 ) 

 **************************************************************************
     freq (    1) =       3.544494 [THz] =     118.231581 [cm-1]
 (  0.604998  0.000000 -0.000001  0.000000  0.000000  0.000000 ) 
 ( -0.000000  0.000000 -0.000000  0.000000 -0.000000  0.000000 ) 
 ( -0.563018  0.000000  0.000001  0.000000 -0.000000  0.000000 ) 
 ( -0.563018  0.000000  0.000001  0.000000 -0.000000  0.000000 ) 
     freq (    2) =       3.544494 [THz] =     118.231581 [cm-1]
 ( -0.000001  0.000000 -0.604998  0.000000 -0.000000  0.000000 ) 
 (  0.000000  0.000000 -0.000000  0.000000 -0.000000  0.000000 ) 
 (  0.000001  0.000000  0.563018  0.000000  0.000000  0.000000 ) 
 (  0.000001  0.000000  0.563018  0.000000  0.000000  0.000000 ) 
     freq (    3) =       3.592513 [THz] =     119.833331 [cm-1]
 (  0.000000  0.000000  0.000000  0.000000  0.000000  0.000000 ) 
 (  0.602455  0.000000 -0.000001  0.000000  0.000000  0.000000 ) 
 (  0.564380  0.000000 -0.000001  0.000000  0.000000  0.000000 ) 
 ( -0.564380  0.000000  0.000001  0.000000 -0.000000  0.000000 ) 
     freq (    4) =       3.592513 [THz] =     119.833331 [cm-1]
 ( -0.000000  0.000000  0.000000  0.000000  0.000000  0.000000 ) 
 ( -0.000001  0.000000 -0.602455  0.000000 -0.000000  0.000000 ) 
 ( -0.000001  0.000000 -0.564380  0.000000 -0.000000  0.000000 ) 
 (  0.000001  0.000000  0.564380  0.000000  0.000000  0.000000 ) 
     freq (    5) =       6.659914 [THz] =     222.150827 [cm-1]
 ( -0.000000  0.000000 -0.000000  0.000000  0.708242  0.000000 ) 
 ( -0.000000  0.000000 -0.000000  0.000000  0.000000  0.000000 ) 
 (  0.000000  0.000000  0.000000  0.000000 -0.499196  0.000000 ) 
 ( -0.000000  0.000000  0.000000  0.000000 -0.499196  0.000000 ) 
     freq (    6) =       6.688277 [THz] =     223.096899 [cm-1]
 ( -0.000000  0.000000  0.000000  0.000000  0.000000  0.000000 ) 
 (  0.000000  0.000000  0.000000  0.000000 -0.705949  0.000000 ) 
 ( -0.000000  0.000000  0.000000  0.000000 -0.500818  0.000000 ) 
 ( -0.000000  0.000000 -0.000000  0.000000  0.500818  0.000000 ) 
     freq (    7) =       8.948855 [THz] =     298.501678 [cm-1]
 ( -0.337681  0.000000  0.000000  0.000000 -0.000000  0.000000 ) 
 ( -0.000000  0.000000  0.000000  0.000000  0.000000  0.000000 ) 
 ( -0.665572  0.000000  0.000000  0.000000  0.000000  0.000000 ) 
 ( -0.665572  0.000000  0.000000  0.000000 -0.000000  0.000000 ) 
     freq (    8) =       8.948855 [THz] =     298.501679 [cm-1]
 (  0.000000  0.000000  0.337681  0.000000  0.000000  0.000000 ) 
 (  0.000000  0.000000  0.000000  0.000000  0.000000  0.000000 ) 
 (  0.000000  0.000000  0.665572  0.000000  0.000000  0.000000 ) 
 (  0.000000  0.000000  0.665572  0.000000  0.000000  0.000000 ) 
     freq (    9) =       8.957479 [THz] =     298.789338 [cm-1]
 (  0.000000  0.000000  0.000000  0.000000 -0.000000  0.000000 ) 
 ( -0.339669  0.000000  0.000000  0.000000  0.000000  0.000000 ) 
 (  0.665066  0.000000 -0.000000  0.000000  0.000000  0.000000 ) 
 ( -0.665066  0.000000  0.000000  0.000000  0.000000  0.000000 ) 
     freq (   10) =       8.957479 [THz] =     298.789339 [cm-1]
 (  0.000000  0.000000 -0.000000  0.000000  0.000000  0.000000 ) 
 (  0.000000  0.000000  0.339669  0.000000  0.000000  0.000000 ) 
 ( -0.000000  0.000000 -0.665066  0.000000 -0.000000  0.000000 ) 
 (  0.000000  0.000000  0.665066  0.000000  0.000000  0.000000 ) 
     freq (   11) =      11.694299 [THz] =     390.079812 [cm-1]
 ( -0.000000  0.000000  0.000000 -0.000000 -0.262211  0.000000 ) 
 ( -0.000000  0.000000  0.000000 -0.000000 -0.000000  0.000000 ) 
 (  0.000000 -0.000000  0.000000  0.000000 -0.682365  0.000000 ) 
 ( -0.000000  0.000000  0.000000 -0.000000 -0.682365  0.000000 ) 
     freq (   12) =      11.699487 [THz] =     390.252893 [cm-1]
 ( -0.000000  0.000000  0.000000  0.000000 -0.000000  0.000000 ) 
 ( -0.000000  0.000000 -0.000000  0.000000  0.263799  0.000000 ) 
 (  0.000000  0.000000  0.000000  0.000000 -0.682059  0.000000 ) 
 ( -0.000000  0.000000 -0.000000  0.000000  0.682059  0.000000 ) 
 **************************************************************************
