Dynamical matrix file
phonons on a grid                                                          
  2    3   0   1.0000000   0.0000000   0.0000000   0.0000000   0.0000000   0.0000000
Basis vectors
      6.018846169   -0.000000000    0.000000000
     -3.009423085    5.212473684    0.000000000
      0.000000000    0.000000000   20.000000000
           1  'S      '    29230.016876494614     
           2  'Mo     '    87453.075126275595     
    1    2     -0.0000000006      3.4749824562      0.0000000000
    2    1      3.0094230846      1.7374912278      2.9548775440
    3    1      3.0094230846      1.7374912278     -2.9548775440

     Dynamical  Matrix in cartesian axes

     q = (    0.000000000   0.000000000   0.000000000 ) 

    1    1
  0.40103812   0.00000000     0.00000000   0.00000000     0.00000000   0.00000000
  0.00000000   0.00000000     0.40103812   0.00000000     0.00000000   0.00000000
  0.00000000   0.00000000     0.00000000   0.00000000     0.61526200   0.00000000
    1    2
 -0.20080725   0.00000000    -0.00000000   0.00000000     0.00000000   0.00000000
 -0.00000000   0.00000000    -0.20080725   0.00000000     0.00000000   0.00000000
 -0.00000000   0.00000000    -0.00000000   0.00000000    -0.30790656   0.00000000
    1    3
 -0.20080725   0.00000000    -0.00000000   0.00000000     0.00000000   0.00000000
 -0.00000000   0.00000000    -0.20080725   0.00000000    -0.00000000   0.00000000
  0.00000000   0.00000000     0.00000000   0.00000000    -0.30790656   0.00000000
    2    1
 -0.20080725   0.00000000    -0.00000000   0.00000000     0.00000000   0.00000000
 -0.00000000   0.00000000    -0.20080725   0.00000000    -0.00000000   0.00000000
  0.00000000   0.00000000    -0.00000000   0.00000000    -0.30790656   0.00000000
    2    2
  0.19282449   0.00000000     0.00000000   0.00000000     0.00000000   0.00000000
  0.00000000   0.00000000     0.19282449   0.00000000     0.00000000   0.00000000
  0.00000000   0.00000000     0.00000000   0.00000000     0.42378164   0.00000000
    2    3
  0.00800328   0.00000000     0.00000000   0.00000000     0.00000000   0.00000000
  0.00000000   0.00000000     0.00800328   0.00000000     0.00000000   0.00000000
  0.00000000   0.00000000     0.00000000   0.00000000    -0.11598792   0.00000000
    3    1
 -0.20080725   0.00000000    -0.00000000   0.00000000     0.00000000   0.00000000
 -0.00000000   0.00000000    -0.20080725   0.00000000     0.00000000   0.00000000
  0.00000000   0.00000000     0.00000000   0.00000000    -0.30790656   0.00000000
    3    2
  0.00800328   0.00000000     0.00000000   0.00000000     0.00000000   0.00000000
  0.00000000   0.00000000     0.00800328   0.00000000     0.00000000   0.00000000
  0.00000000   0.00000000     0.00000000   0.00000000    -0.11598792   0.00000000
    3    3
  0.19282449   0.00000000     0.00000000   0.00000000     0.00000000   0.00000000
  0.00000000   0.00000000     0.19282449   0.00000000     0.00000000   0.00000000
  0.00000000   0.00000000     0.00000000   0.00000000     0.42378164   0.00000000

     Dielectric Tensor:

          9.504456059997          0.000000000816         -0.000000000000
          0.000000000816          9.504456059425         -0.000000000000
          0.000000000000          0.000000000000          1.454280497307

     Effective Charges E-U: Z_{alpha}{s,beta}

     atom #    1
         -0.901248772975         -0.000000001429          0.000000000000
         -0.000000001429         -0.901248771973          0.000000000000
          0.000000000000          0.000000000000         -0.066321316134
     atom #    2
          0.438966882876         -0.000000000533          0.000000000000
         -0.000000000533          0.438966883250          0.000000000000
          0.000000000000         -0.000000000000          0.031281938304
     atom #    3
          0.438966882876         -0.000000000533          0.000000000000
         -0.000000000533          0.438966883250          0.000000000000
          0.000000000000          0.000000000000          0.031281938304

     Effective Charges U-E: Z_{s,alpha}{beta}

     atom #    1
     -0.901825944228E+00     -0.142943790138E-08      0.000000000000E+00
     -0.142943790138E-08     -0.901825943225E+00      0.000000000000E+00
      0.000000000000E+00      0.000000000000E+00     -0.664090097625E-01
     atom #    2
      0.439067144842E+00     -0.533425303928E-09      0.000000000000E+00
     -0.533425748017E-09      0.439067145216E+00     -0.141995668075E-17
      0.000000000000E+00      0.000000000000E+00      0.311851085698E-01
     atom #    3
      0.439067144842E+00     -0.533426636196E-09      0.000000000000E+00
     -0.533426192106E-09      0.439067145216E+00     -0.425987004225E-17
      0.000000000000E+00      0.000000000000E+00      0.311851085698E-01

     Diagonalizing the dynamical matrix

     q = (    0.000000000   0.000000000   0.000000000 ) 

 **************************************************************************
     freq (    1) =      -0.240038 [THz] =      -8.006797 [cm-1]
 ( -0.000000  0.000000  0.000000  0.000000  0.577404  0.000000 ) 
 ( -0.000000  0.000000  0.000000  0.000000  0.577324  0.000000 ) 
 ( -0.000000  0.000000  0.000000  0.000000  0.577324  0.000000 ) 
     freq (    2) =      -0.199301 [THz] =      -6.647979 [cm-1]
 ( -0.472468  0.000000 -0.332250  0.000000  0.000000 -0.000000 ) 
 ( -0.472168  0.000000 -0.332038  0.000000  0.000000 -0.000000 ) 
 ( -0.472168  0.000000 -0.332038  0.000000  0.000000 -0.000000 ) 
     freq (    3) =      -0.199301 [THz] =      -6.647979 [cm-1]
 (  0.332250 -0.000000 -0.472468  0.000000  0.000000  0.000000 ) 
 (  0.332038 -0.000000 -0.472168  0.000000  0.000000  0.000000 ) 
 (  0.332038 -0.000000 -0.472168  0.000000  0.000000  0.000000 ) 
     freq (    4) =       8.272493 [THz] =     275.940665 [cm-1]
 (  0.000000  0.000000 -0.000000  0.000000 -0.000000  0.000000 ) 
 (  0.408980  0.000000 -0.576832  0.000000 -0.000000  0.000000 ) 
 ( -0.408980  0.000000  0.576832  0.000000 -0.000000  0.000000 ) 
     freq (    5) =       8.272493 [THz] =     275.940665 [cm-1]
 (  0.000000  0.000000 -0.000000  0.000000  0.000000  0.000000 ) 
 (  0.576832  0.000000  0.408980  0.000000  0.000000  0.000000 ) 
 ( -0.576832  0.000000 -0.408980  0.000000  0.000000  0.000000 ) 
     freq (    6) =      11.136988 [THz] =     371.489949 [cm-1]
 ( -0.247042  0.000000  0.348433  0.000000  0.000000  0.000000 ) 
 (  0.369796  0.000000 -0.521568  0.000000  0.000000  0.000000 ) 
 (  0.369796  0.000000 -0.521568  0.000000  0.000000  0.000000 ) 
     freq (    7) =      11.136988 [THz] =     371.489949 [cm-1]
 (  0.348433  0.000000  0.247042  0.000000  0.000000  0.000000 ) 
 ( -0.521568  0.000000 -0.369796  0.000000 -0.000000  0.000000 ) 
 ( -0.521568  0.000000 -0.369796  0.000000  0.000000  0.000000 ) 
     freq (    8) =      13.790176 [THz] =     459.990746 [cm-1]
 ( -0.000000  0.000000  0.000000 -0.000000  0.427298 -0.000000 ) 
 (  0.000000  0.000000 -0.000000  0.000000 -0.639303  0.000000 ) 
 (  0.000000  0.000000 -0.000000  0.000000 -0.639303  0.000000 ) 
     freq (    9) =      14.137242 [THz] =     471.567636 [cm-1]
 ( -0.000000  0.000000 -0.000000  0.000000 -0.000000  0.000000 ) 
 (  0.000000  0.000000  0.000000  0.000000 -0.707107  0.000000 ) 
 (  0.000000  0.000000  0.000000  0.000000  0.707107  0.000000 ) 
 **************************************************************************
