Dynamical matrix file
phonons on a grid                                                          
  2    3   0   1.0000000   0.0000000   0.0000000   0.0000000   0.0000000   0.0000000
Basis vectors
      6.018846169   -0.000000000    0.000000000
     -3.009423085    5.212473684    0.000000000
      0.000000000    0.000000000   20.000000000
           1  'S      '    29230.016876494614     
           2  'Mo     '    87453.075126275595     
    1    2     -0.0000000006      3.4749824562      0.0000000000
    2    1      3.0094230846      1.7374912278      2.9548775440
    3    1      3.0094230846      1.7374912278     -2.9548775440

     Dynamical  Matrix in cartesian axes

     q = (    0.000000000   0.063949164   0.000000000 ) 

    1    1
  0.47776780   0.00000000     0.00000000   0.00000000     0.00000000   0.00000000
  0.00000000   0.00000000     0.53652731   0.00000000     0.00000000   0.00000000
  0.00000000   0.00000000     0.00000000   0.00000000     0.54627614   0.00000000
    1    2
 -0.15822343  -0.03692844    -0.00000000  -0.00000000     0.00000000   0.00000000
 -0.00000000  -0.00000000    -0.05149874  -0.07108677     0.10206886  -0.06088304
  0.00000000   0.00000000     0.10810557  -0.06862712    -0.13227283  -0.07713639
    1    3
 -0.15822343  -0.03692844    -0.00000000  -0.00000000     0.00000000   0.00000000
 -0.00000000  -0.00000000    -0.05149874  -0.07108677    -0.10206886   0.06088304
  0.00000000   0.00000000    -0.10810557   0.06862712    -0.13227283  -0.07713639
    2    1
 -0.15822343   0.03692844    -0.00000000   0.00000000     0.00000000   0.00000000
 -0.00000000   0.00000000    -0.05149874   0.07108677     0.10810557   0.06862712
  0.00000000   0.00000000     0.10206886   0.06088304    -0.13227283   0.07713639
    2    2
  0.20092278   0.00000000     0.00000000   0.00000000     0.00000000   0.00000000
  0.00000000   0.00000000     0.25008446   0.00000000    -0.00192376   0.00487262
  0.00000000   0.00000000    -0.00192376  -0.00487262     0.37800974   0.00000000
    2    3
 -0.00498103   0.00000000    -0.00000000   0.00000000     0.00000000   0.00000000
 -0.00000000   0.00000000     0.01760662   0.00000000     0.00827613   0.00999155
  0.00000000   0.00000000    -0.00827613   0.00999155    -0.03874195   0.00000000
    3    1
 -0.15822343   0.03692844    -0.00000000   0.00000000     0.00000000   0.00000000
 -0.00000000   0.00000000    -0.05149874   0.07108677    -0.10810557  -0.06862712
  0.00000000   0.00000000    -0.10206886  -0.06088304    -0.13227283   0.07713639
    3    2
 -0.00498103   0.00000000    -0.00000000   0.00000000     0.00000000   0.00000000
 -0.00000000   0.00000000     0.01760662   0.00000000    -0.00827613  -0.00999155
  0.00000000   0.00000000     0.00827613  -0.00999155    -0.03874195   0.00000000
    3    3
  0.20092278   0.00000000     0.00000000   0.00000000     0.00000000   0.00000000
  0.00000000   0.00000000     0.25008446   0.00000000     0.00192376  -0.00487262
  0.00000000   0.00000000     0.00192376   0.00487262     0.37800974   0.00000000

     Dynamical  Matrix in cartesian axes

     q = (   -0.000000000  -0.063949164  -0.000000000 ) 

    1    1
  0.47776780  -0.00000000     0.00000000  -0.00000000     0.00000000  -0.00000000
  0.00000000  -0.00000000     0.53652731  -0.00000000     0.00000000  -0.00000000
  0.00000000  -0.00000000     0.00000000  -0.00000000     0.54627614  -0.00000000
    1    2
 -0.15822343   0.03692844    -0.00000000   0.00000000     0.00000000  -0.00000000
 -0.00000000   0.00000000    -0.05149874   0.07108677     0.10206886   0.06088304
  0.00000000  -0.00000000     0.10810557   0.06862712    -0.13227283   0.07713639
    1    3
 -0.15822343   0.03692844    -0.00000000   0.00000000     0.00000000  -0.00000000
 -0.00000000   0.00000000    -0.05149874   0.07108677    -0.10206886  -0.06088304
  0.00000000  -0.00000000    -0.10810557  -0.06862712    -0.13227283   0.07713639
    2    1
 -0.15822343  -0.03692844    -0.00000000  -0.00000000     0.00000000  -0.00000000
 -0.00000000  -0.00000000    -0.05149874  -0.07108677     0.10810557  -0.06862712
  0.00000000  -0.00000000     0.10206886  -0.06088304    -0.13227283  -0.07713639
    2    2
  0.20092278  -0.00000000     0.00000000  -0.00000000     0.00000000  -0.00000000
  0.00000000  -0.00000000     0.25008446  -0.00000000    -0.00192376  -0.00487262
  0.00000000  -0.00000000    -0.00192376   0.00487262     0.37800974  -0.00000000
    2    3
 -0.00498103  -0.00000000    -0.00000000  -0.00000000     0.00000000  -0.00000000
 -0.00000000  -0.00000000     0.01760662  -0.00000000     0.00827613  -0.00999155
  0.00000000  -0.00000000    -0.00827613  -0.00999155    -0.03874195  -0.00000000
    3    1
 -0.15822343  -0.03692844    -0.00000000  -0.00000000     0.00000000  -0.00000000
 -0.00000000  -0.00000000    -0.05149874  -0.07108677    -0.10810557   0.06862712
  0.00000000  -0.00000000    -0.10206886   0.06088304    -0.13227283  -0.07713639
    3    2
 -0.00498103  -0.00000000    -0.00000000  -0.00000000     0.00000000  -0.00000000
 -0.00000000  -0.00000000     0.01760662  -0.00000000    -0.00827613   0.00999155
  0.00000000  -0.00000000     0.00827613   0.00999155    -0.03874195  -0.00000000
    3    3
  0.20092278  -0.00000000     0.00000000  -0.00000000     0.00000000  -0.00000000
  0.00000000  -0.00000000     0.25008446  -0.00000000     0.00192376   0.00487262
  0.00000000  -0.00000000     0.00192376  -0.00487262     0.37800974  -0.00000000

     Dynamical  Matrix in cartesian axes

     q = (    0.055381600  -0.031974582   0.000000000 ) 

    1    1
  0.52183743   0.00000000    -0.02544362   0.00000000     0.00000000   0.00000000
 -0.02544362   0.00000000     0.49245767   0.00000000     0.00000000   0.00000000
  0.00000000   0.00000000     0.00000000   0.00000000     0.54627614   0.00000000
    1    2
 -0.01507750   0.09897938     0.03591595   0.03262626    -0.08985939  -0.05018851
  0.03591595   0.03262626     0.02639467   0.13665295     0.05188034   0.02897635
 -0.09828143  -0.05136276     0.05674281   0.02965430    -0.00066566   0.15311983
    1    3
 -0.01507750   0.09897938     0.03591595   0.03262626     0.08985939   0.05018851
  0.03591595   0.03262626     0.02639467   0.13665295    -0.05188034  -0.02897635
  0.09828143   0.05136276    -0.05674281  -0.02965430    -0.00066566   0.15311983
    2    1
 -0.01507750  -0.09897938     0.03591595  -0.03262626    -0.09828143   0.05136276
  0.03591595  -0.03262626     0.02639467  -0.13665295     0.05674281  -0.02965430
 -0.08985939   0.05018851     0.05188034  -0.02897635    -0.00066566  -0.15311983
    2    2
  0.23779404   0.00000000    -0.02128763   0.00000000    -0.00166602   0.00421981
 -0.02128763   0.00000000     0.21321320   0.00000000     0.00096188  -0.00243631
 -0.00166602  -0.00421981     0.00096188   0.00243631     0.37800974   0.00000000
    2    3
  0.01195971   0.00000000    -0.00978074   0.00000000     0.00716734   0.00865293
 -0.00978074   0.00000000     0.00066588   0.00000000    -0.00413807  -0.00499577
 -0.00716734   0.00865293     0.00413807  -0.00499577    -0.03874195   0.00000000
    3    1
 -0.01507750  -0.09897938     0.03591595  -0.03262626     0.09828143  -0.05136276
  0.03591595  -0.03262626     0.02639467  -0.13665295    -0.05674281   0.02965430
  0.08985939  -0.05018851    -0.05188034   0.02897635    -0.00066566  -0.15311983
    3    2
  0.01195971   0.00000000    -0.00978074   0.00000000    -0.00716734  -0.00865293
 -0.00978074   0.00000000     0.00066588   0.00000000     0.00413807   0.00499577
  0.00716734  -0.00865293    -0.00413807   0.00499577    -0.03874195   0.00000000
    3    3
  0.23779404   0.00000000    -0.02128763   0.00000000     0.00166602  -0.00421981
 -0.02128763   0.00000000     0.21321320   0.00000000    -0.00096188   0.00243631
  0.00166602   0.00421981    -0.00096188  -0.00243631     0.37800974   0.00000000

     Dynamical  Matrix in cartesian axes

     q = (   -0.055381600   0.031974582  -0.000000000 ) 

    1    1
  0.52183743  -0.00000000    -0.02544362  -0.00000000     0.00000000  -0.00000000
 -0.02544362  -0.00000000     0.49245767  -0.00000000     0.00000000  -0.00000000
  0.00000000  -0.00000000     0.00000000  -0.00000000     0.54627614  -0.00000000
    1    2
 -0.01507750  -0.09897938     0.03591595  -0.03262626    -0.08985939   0.05018851
  0.03591595  -0.03262626     0.02639467  -0.13665295     0.05188034  -0.02897635
 -0.09828143   0.05136276     0.05674281  -0.02965430    -0.00066566  -0.15311983
    1    3
 -0.01507750  -0.09897938     0.03591595  -0.03262626     0.08985939  -0.05018851
  0.03591595  -0.03262626     0.02639467  -0.13665295    -0.05188034   0.02897635
  0.09828143  -0.05136276    -0.05674281   0.02965430    -0.00066566  -0.15311983
    2    1
 -0.01507750   0.09897938     0.03591595   0.03262626    -0.09828143  -0.05136276
  0.03591595   0.03262626     0.02639467   0.13665295     0.05674281   0.02965430
 -0.08985939  -0.05018851     0.05188034   0.02897635    -0.00066566   0.15311983
    2    2
  0.23779404  -0.00000000    -0.02128763  -0.00000000    -0.00166602  -0.00421981
 -0.02128763  -0.00000000     0.21321320  -0.00000000     0.00096188   0.00243631
 -0.00166602   0.00421981     0.00096188  -0.00243631     0.37800974  -0.00000000
    2    3
  0.01195971  -0.00000000    -0.00978074  -0.00000000     0.00716734  -0.00865293
 -0.00978074  -0.00000000     0.00066588  -0.00000000    -0.00413807   0.00499577
 -0.00716734  -0.00865293     0.00413807   0.00499577    -0.03874195  -0.00000000
    3    1
 -0.01507750   0.09897938     0.03591595   0.03262626     0.09828143   0.05136276
  0.03591595   0.03262626     0.02639467   0.13665295    -0.05674281  -0.02965430
  0.08985939   0.05018851    -0.05188034  -0.02897635    -0.00066566   0.15311983
    3    2
  0.01195971  -0.00000000    -0.00978074  -0.00000000    -0.00716734   0.00865293
 -0.00978074  -0.00000000     0.00066588  -0.00000000     0.00413807  -0.00499577
  0.00716734   0.00865293    -0.00413807  -0.00499577    -0.03874195  -0.00000000
    3    3
  0.23779404  -0.00000000    -0.02128763  -0.00000000     0.00166602   0.00421981
 -0.02128763  -0.00000000     0.21321320  -0.00000000    -0.00096188  -0.00243631
  0.00166602  -0.00421981    -0.00096188   0.00243631     0.37800974  -0.00000000

     Dynamical  Matrix in cartesian axes

     q = (   -0.055381600  -0.031974582   0.000000000 ) 

    1    1
  0.52183743   0.00000000     0.02544362   0.00000000     0.00000000   0.00000000
  0.02544362   0.00000000     0.49245767   0.00000000     0.00000000   0.00000000
  0.00000000   0.00000000     0.00000000   0.00000000     0.54627614   0.00000000
    1    2
 -0.07817991  -0.06254719     0.04621315  -0.01479099    -0.08839422   0.05272626
  0.04621315  -0.01479099    -0.13154226  -0.04546802    -0.05103443   0.03044152
 -0.09362217   0.05943283    -0.05405279   0.03431356    -0.13227283  -0.07713639
    1    3
 -0.07817991  -0.06254719     0.04621315  -0.01479099     0.08839422  -0.05272626
  0.04621315  -0.01479099    -0.13154226  -0.04546802     0.05103443  -0.03044152
  0.09362217  -0.05943283     0.05405279  -0.03431356    -0.13227283  -0.07713639
    2    1
 -0.07817991   0.06254719     0.04621315   0.01479099    -0.09362217  -0.05943283
  0.04621315   0.01479099    -0.13154226   0.04546802    -0.05405279  -0.03431356
 -0.08839422  -0.05272626    -0.05103443  -0.03044152    -0.13227283   0.07713639
    2    2
  0.23779404   0.00000000     0.02128763   0.00000000     0.00166602  -0.00421981
  0.02128763   0.00000000     0.21321320   0.00000000     0.00096188  -0.00243631
  0.00166602   0.00421981     0.00096188   0.00243631     0.37800974   0.00000000
    2    3
  0.01195971   0.00000000     0.00978074   0.00000000    -0.00716734  -0.00865293
  0.00978074   0.00000000     0.00066588   0.00000000    -0.00413807  -0.00499577
  0.00716734  -0.00865293     0.00413807  -0.00499577    -0.03874195   0.00000000
    3    1
 -0.07817991   0.06254719     0.04621315   0.01479099     0.09362217   0.05943283
  0.04621315   0.01479099    -0.13154226   0.04546802     0.05405279   0.03431356
  0.08839422   0.05272626     0.05103443   0.03044152    -0.13227283   0.07713639
    3    2
  0.01195971   0.00000000     0.00978074   0.00000000     0.00716734   0.00865293
  0.00978074   0.00000000     0.00066588   0.00000000     0.00413807   0.00499577
 -0.00716734   0.00865293    -0.00413807   0.00499577    -0.03874195   0.00000000
    3    3
  0.23779404   0.00000000     0.02128763   0.00000000    -0.00166602   0.00421981
  0.02128763   0.00000000     0.21321320   0.00000000    -0.00096188   0.00243631
 -0.00166602  -0.00421981    -0.00096188  -0.00243631     0.37800974   0.00000000

     Dynamical  Matrix in cartesian axes

     q = (    0.055381600   0.031974582  -0.000000000 ) 

    1    1
  0.52183743  -0.00000000     0.02544362  -0.00000000     0.00000000  -0.00000000
  0.02544362  -0.00000000     0.49245767  -0.00000000     0.00000000  -0.00000000
  0.00000000  -0.00000000     0.00000000  -0.00000000     0.54627614  -0.00000000
    1    2
 -0.07817991   0.06254719     0.04621315   0.01479099    -0.08839422  -0.05272626
  0.04621315   0.01479099    -0.13154226   0.04546802    -0.05103443  -0.03044152
 -0.09362217  -0.05943283    -0.05405279  -0.03431356    -0.13227283   0.07713639
    1    3
 -0.07817991   0.06254719     0.04621315   0.01479099     0.08839422   0.05272626
  0.04621315   0.01479099    -0.13154226   0.04546802     0.05103443   0.03044152
  0.09362217   0.05943283     0.05405279   0.03431356    -0.13227283   0.07713639
    2    1
 -0.07817991  -0.06254719     0.04621315  -0.01479099    -0.09362217   0.05943283
  0.04621315  -0.01479099    -0.13154226  -0.04546802    -0.05405279   0.03431356
 -0.08839422   0.05272626    -0.05103443   0.03044152    -0.13227283  -0.07713639
    2    2
  0.23779404  -0.00000000     0.02128763  -0.00000000     0.00166602   0.00421981
  0.02128763  -0.00000000     0.21321320  -0.00000000     0.00096188   0.00243631
  0.00166602  -0.00421981     0.00096188  -0.00243631     0.37800974  -0.00000000
    2    3
  0.01195971  -0.00000000     0.00978074  -0.00000000    -0.00716734   0.00865293
  0.00978074  -0.00000000     0.00066588  -0.00000000    -0.00413807   0.00499577
  0.00716734   0.00865293     0.00413807   0.00499577    -0.03874195  -0.00000000
    3    1
 -0.07817991  -0.06254719     0.04621315  -0.01479099     0.09362217  -0.05943283
  0.04621315  -0.01479099    -0.13154226  -0.04546802     0.05405279  -0.03431356
  0.08839422  -0.05272626     0.05103443  -0.03044152    -0.13227283  -0.07713639
    3    2
  0.01195971  -0.00000000     0.00978074  -0.00000000     0.00716734  -0.00865293
  0.00978074  -0.00000000     0.00066588  -0.00000000     0.00413807  -0.00499577
 -0.00716734  -0.00865293    -0.00413807  -0.00499577    -0.03874195  -0.00000000
    3    3
  0.23779404  -0.00000000     0.02128763  -0.00000000    -0.00166602  -0.00421981
  0.02128763  -0.00000000     0.21321320  -0.00000000    -0.00096188  -0.00243631
 -0.00166602   0.00421981    -0.00096188   0.00243631     0.37800974  -0.00000000

     Diagonalizing the dynamical matrix

     q = (    0.000000000   0.063949164   0.000000000 ) 

 **************************************************************************
     freq (    1) =       4.024528 [THz] =     134.243788 [cm-1]
 ( -0.398834  0.381946  0.000000 -0.000000 -0.000000 -0.000000 ) 
 ( -0.321949  0.493835  0.000000 -0.000000 -0.000000  0.000000 ) 
 ( -0.321949  0.493835  0.000000 -0.000000  0.000000  0.000000 ) 
     freq (    2) =       4.554424 [THz] =     151.919227 [cm-1]
 (  0.000000 -0.000000  0.000000 -0.000000 -0.505851 -0.298539 ) 
 ( -0.000000 -0.000000  0.206169  0.408575 -0.343592 -0.000000 ) 
 (  0.000000  0.000000 -0.206169 -0.408575 -0.343592  0.000000 ) 
     freq (    3) =       6.479554 [THz] =     216.134645 [cm-1]
 ( -0.000000 -0.000000  0.588666 -0.392106  0.000000  0.000000 ) 
 (  0.000000 -0.000000 -0.002934 -0.411478 -0.283796 -0.000000 ) 
 (  0.000000 -0.000000 -0.002934 -0.411478  0.283796  0.000000 ) 
     freq (    4) =       8.731577 [THz] =     291.254063 [cm-1]
 (  0.000000 -0.000000  0.000000  0.000000  0.000000  0.000000 ) 
 ( -0.326148 -0.627397  0.000000  0.000000  0.000000 -0.000000 ) 
 (  0.326148  0.627397 -0.000000 -0.000000  0.000000  0.000000 ) 
     freq (    5) =      10.198418 [THz] =     340.182619 [cm-1]
 ( -0.000000  0.000000 -0.000000  0.000000  0.166609  0.090931 ) 
 (  0.000000  0.000000  0.286277  0.540181  0.328992 -0.000000 ) 
 ( -0.000000 -0.000000 -0.286277 -0.540181  0.328992  0.000000 ) 
     freq (    6) =      10.468485 [THz] =     349.191089 [cm-1]
 ( -0.000000  0.000000  0.205349 -0.049386  0.000000  0.000000 ) 
 (  0.000000 -0.000000 -0.182474  0.639951 -0.186715  0.000000 ) 
 (  0.000000 -0.000000 -0.182474  0.639951  0.186715  0.000000 ) 
     freq (    7) =      10.746291 [THz] =     358.457669 [cm-1]
 ( -0.314052  0.322982 -0.000000  0.000000 -0.000000 -0.000000 ) 
 (  0.325700 -0.540783  0.000000 -0.000000  0.000000 -0.000000 ) 
 (  0.325700 -0.540783  0.000000 -0.000000 -0.000000  0.000000 ) 
     freq (    8) =      12.432106 [THz] =     414.690417 [cm-1]
 ( -0.000000  0.000000  0.000000 -0.000000 -0.298878 -0.171987 ) 
 ( -0.000000 -0.000000 -0.088975 -0.160170  0.637946 -0.000000 ) 
 (  0.000000  0.000000  0.088975  0.160170  0.637946  0.000000 ) 
     freq (    9) =      12.971356 [THz] =     432.677858 [cm-1]
 ( -0.000000  0.000000 -0.190066  0.102643 -0.000000 -0.000000 ) 
 (  0.000000 -0.000000  0.050690 -0.081928 -0.683658  0.000000 ) 
 (  0.000000 -0.000000  0.050690 -0.081928  0.683658  0.000000 ) 
 **************************************************************************
