Dynamical matrix file
phonons on a grid                                                          
  2    3   0   1.0000000   0.0000000   0.0000000   0.0000000   0.0000000   0.0000000
Basis vectors
      6.018846169   -0.000000000    0.000000000
     -3.009423085    5.212473684    0.000000000
      0.000000000    0.000000000   20.000000000
           1  'S      '    29230.016876494614     
           2  'Mo     '    87453.075126275595     
    1    2     -0.0000000006      3.4749824562      0.0000000000
    2    1      3.0094230846      1.7374912278      2.9548775440
    3    1      3.0094230846      1.7374912278     -2.9548775440

     Dynamical  Matrix in cartesian axes

     q = (    0.055381600   0.095923746   0.000000000 ) 

    1    1
  0.53324952   0.00000000     0.00000000   0.10771901     0.00000000   0.00000000
  0.00000000  -0.10771901     0.53324952   0.00000000     0.00000000   0.00000000
  0.00000000   0.00000000     0.00000000   0.00000000     0.50510172   0.00000000
    1    2
 -0.02986714   0.05173141     0.05173141   0.02986714    -0.08656844  -0.04998031
  0.05173141   0.02986714     0.02986714  -0.05173141     0.04998031  -0.08656844
 -0.08817637  -0.05090865     0.05090865  -0.08817637    -0.00000000   0.00000000
    1    3
 -0.02986714   0.05173141     0.05173141   0.02986714     0.08656844   0.04998031
  0.05173141   0.02986714     0.02986714  -0.05173141    -0.04998031   0.08656844
  0.08817637   0.05090865    -0.05090865   0.08817637    -0.00000000   0.00000000
    2    1
 -0.02986714  -0.05173141     0.05173141  -0.02986714    -0.08817637   0.05090865
  0.05173141  -0.02986714     0.02986714   0.05173141     0.05090865   0.08817637
 -0.08656844   0.04998031     0.04998031   0.08656844    -0.00000000  -0.00000000
    2    2
  0.24679932   0.00000000     0.00000000  -0.00224916     0.00000000   0.00000000
  0.00000000   0.00224916     0.24679932   0.00000000     0.00000000   0.00000000
  0.00000000  -0.00000000     0.00000000  -0.00000000     0.35218940   0.00000000
    2    3
  0.00264489   0.00000000     0.00000000   0.01305170     0.00000000   0.00000000
  0.00000000  -0.01305170     0.00264489   0.00000000     0.00000000   0.00000000
  0.00000000   0.00000000     0.00000000   0.00000000    -0.03016557   0.00000000
    3    1
 -0.02986714  -0.05173141     0.05173141  -0.02986714     0.08817637  -0.05090865
  0.05173141  -0.02986714     0.02986714   0.05173141    -0.05090865  -0.08817637
  0.08656844  -0.04998031    -0.04998031  -0.08656844    -0.00000000  -0.00000000
    3    2
  0.00264489   0.00000000     0.00000000   0.01305170     0.00000000   0.00000000
  0.00000000  -0.01305170     0.00264489   0.00000000     0.00000000   0.00000000
  0.00000000   0.00000000     0.00000000   0.00000000    -0.03016557   0.00000000
    3    3
  0.24679932   0.00000000     0.00000000  -0.00224916     0.00000000  -0.00000000
  0.00000000   0.00224916     0.24679932   0.00000000     0.00000000   0.00000000
 -0.00000000   0.00000000    -0.00000000   0.00000000     0.35218940   0.00000000

     Dynamical  Matrix in cartesian axes

     q = (   -0.055381600   0.095923746   0.000000000 ) 

    1    1
  0.53324952   0.00000000     0.00000000  -0.10771901     0.00000000   0.00000000
  0.00000000   0.10771901     0.53324952   0.00000000     0.00000000   0.00000000
  0.00000000   0.00000000     0.00000000   0.00000000     0.50510172   0.00000000
    1    2
 -0.02986714  -0.05173141     0.05173141  -0.02986714    -0.08656844   0.04998031
  0.05173141  -0.02986714     0.02986714   0.05173141     0.04998031   0.08656844
 -0.08817637   0.05090865     0.05090865   0.08817637    -0.00000000  -0.00000000
    1    3
 -0.02986714  -0.05173141     0.05173141  -0.02986714     0.08656844  -0.04998031
  0.05173141  -0.02986714     0.02986714   0.05173141    -0.04998031  -0.08656844
  0.08817637  -0.05090865    -0.05090865  -0.08817637    -0.00000000  -0.00000000
    2    1
 -0.02986714   0.05173141     0.05173141   0.02986714    -0.08817637  -0.05090865
  0.05173141   0.02986714     0.02986714  -0.05173141     0.05090865  -0.08817637
 -0.08656844  -0.04998031     0.04998031  -0.08656844    -0.00000000   0.00000000
    2    2
  0.24679932   0.00000000     0.00000000   0.00224916     0.00000000   0.00000000
  0.00000000  -0.00224916     0.24679932   0.00000000     0.00000000   0.00000000
  0.00000000   0.00000000     0.00000000   0.00000000     0.35218940   0.00000000
    2    3
  0.00264489   0.00000000     0.00000000  -0.01305170     0.00000000   0.00000000
  0.00000000   0.01305170     0.00264489   0.00000000     0.00000000   0.00000000
  0.00000000   0.00000000     0.00000000   0.00000000    -0.03016557   0.00000000
    3    1
 -0.02986714   0.05173141     0.05173141   0.02986714     0.08817637   0.05090865
  0.05173141   0.02986714     0.02986714  -0.05173141    -0.05090865   0.08817637
  0.08656844   0.04998031    -0.04998031   0.08656844    -0.00000000   0.00000000
    3    2
  0.00264489   0.00000000     0.00000000  -0.01305170     0.00000000   0.00000000
  0.00000000   0.01305170     0.00264489   0.00000000     0.00000000   0.00000000
  0.00000000   0.00000000     0.00000000   0.00000000    -0.03016557   0.00000000
    3    3
  0.24679932   0.00000000     0.00000000   0.00224916     0.00000000   0.00000000
  0.00000000  -0.00224916     0.24679932   0.00000000     0.00000000   0.00000000
  0.00000000  -0.00000000     0.00000000  -0.00000000     0.35218940   0.00000000

     Diagonalizing the dynamical matrix

     q = (    0.055381600   0.095923746   0.000000000 ) 

 **************************************************************************
     freq (    1) =       5.351509 [THz] =     178.507111 [cm-1]
 ( -0.000000 -0.000000  0.000000 -0.000000 -0.084117 -0.590970 ) 
 ( -0.247528 -0.315674 -0.315674  0.247528 -0.000000  0.000000 ) 
 (  0.247528  0.315674  0.315674 -0.247528 -0.000000  0.000000 ) 
     freq (    2) =       5.950728 [THz] =     198.494911 [cm-1]
 ( -0.502318 -0.290014  0.290014 -0.502318  0.000000  0.000000 ) 
 ( -0.000000 -0.000000  0.000000 -0.000000 -0.404436 -0.000000 ) 
 ( -0.000000 -0.000000  0.000000 -0.000000  0.404436  0.000000 ) 
     freq (    3) =       6.884425 [THz] =     229.639701 [cm-1]
 ( -0.209429  0.325890  0.325890  0.209429  0.000000 -0.000000 ) 
 ( -0.417818 -0.019896  0.019896 -0.417818  0.000000 -0.000000 ) 
 ( -0.417818 -0.019896  0.019896 -0.417818 -0.000000  0.000000 ) 
     freq (    4) =       9.801482 [THz] =     326.942264 [cm-1]
 (  0.000000  0.000000  0.000000 -0.000000  0.000000 -0.000000 ) 
 ( -0.500000 -0.000001  0.000001 -0.500000  0.000000 -0.000000 ) 
 (  0.500000  0.000001 -0.000001  0.500000 -0.000000  0.000000 ) 
     freq (    5) =       9.816421 [THz] =     327.440544 [cm-1]
 (  0.000000 -0.000000 -0.000000 -0.000000  0.000000  0.000000 ) 
 ( -0.000002  0.500000  0.500000  0.000002  0.000000  0.000000 ) 
 ( -0.000002  0.500000  0.500000  0.000002 -0.000000  0.000000 ) 
     freq (    6) =      10.890825 [THz] =     363.278823 [cm-1]
 (  0.000000 -0.000000 -0.000000 -0.000000 -0.201028  0.357082 ) 
 ( -0.004948 -0.456065 -0.456065  0.004948  0.000000 -0.000000 ) 
 (  0.004948  0.456065  0.456065 -0.004948  0.000000  0.000000 ) 
     freq (    7) =      10.919544 [THz] =     364.236783 [cm-1]
 (  0.000000 -0.000000 -0.000000 -0.000000  0.000000 -0.000000 ) 
 ( -0.000000  0.000000  0.000000 -0.000000  0.707107  0.000000 ) 
 ( -0.000000 -0.000000 -0.000000 -0.000000  0.707107  0.000000 ) 
     freq (    8) =      10.967786 [THz] =     365.845977 [cm-1]
 (  0.168423 -0.273802 -0.273802 -0.168423  0.000000 -0.000000 ) 
 ( -0.445173 -0.012410  0.012410 -0.445173 -0.000000 -0.000000 ) 
 ( -0.445173 -0.012410  0.012410 -0.445173 -0.000000  0.000000 ) 
     freq (    9) =      12.602668 [THz] =     420.379747 [cm-1]
 ( -0.138991 -0.080246  0.080246 -0.138991  0.000000  0.000000 ) 
 ( -0.000000  0.000000 -0.000000  0.000000  0.688652  0.000000 ) 
 ( -0.000000  0.000000 -0.000000 -0.000000 -0.688652  0.000000 ) 
 **************************************************************************
