Dynamical matrix file
phonons on a grid                                                          
  1    2   0  10.3346008   0.0000000   0.0000000   0.0000000   0.0000000   0.0000000
Basis vectors
     -0.500000000    0.000000000    0.500000000
      0.000000000    0.500000000    0.500000000
     -0.500000000    0.500000000    0.000000000
           1  'Si     '    25597.911567706618     
    1    1      0.0000000000      0.0000000000      0.0000000000
    2    1      0.2500000000     -0.2500000000     -0.2500000000

     Dynamical  Matrix in cartesian axes

     q = (    0.000000000   0.000000000   0.000000000 ) 

    1    1
  0.27859329   0.00000000    -0.00000000   0.00000000    -0.00000000   0.00000000
 -0.00000000   0.00000000     0.27859329   0.00000000     0.00000000   0.00000000
 -0.00000000   0.00000000     0.00000000   0.00000000     0.27859329   0.00000000
    1    2
 -0.27863581   0.00000000    -0.00000000   0.00000000     0.00000000   0.00000000
 -0.00000000   0.00000000    -0.27863581   0.00000000     0.00000000   0.00000000
  0.00000000   0.00000000    -0.00000000   0.00000000    -0.27863581   0.00000000
    2    1
 -0.27863581   0.00000000     0.00000000   0.00000000     0.00000000   0.00000000
  0.00000000   0.00000000    -0.27863581   0.00000000     0.00000000   0.00000000
  0.00000000   0.00000000     0.00000000   0.00000000    -0.27863581   0.00000000
    2    2
  0.27859329   0.00000000    -0.00000000   0.00000000    -0.00000000   0.00000000
 -0.00000000   0.00000000     0.27859329   0.00000000     0.00000000   0.00000000
 -0.00000000   0.00000000     0.00000000   0.00000000     0.27859329   0.00000000

     Dielectric Tensor:

         23.779694043108          0.000000000000         -0.000000000000
          0.000000000000         23.779694043108          0.000000000000
         -0.000000000000         -0.000000000000         23.779694043108

     Effective Charges E-U: Z_{alpha}{s,beta}

     atom #    1
         -1.160746132348         -0.000000000000         -0.000000000000
         -0.000000000000         -1.160746132348         -0.000000000000
         -0.000000000000          0.000000000000         -1.160746132348
     atom #    2
         -1.160746132348         -0.000000000000          0.000000000000
         -0.000000000000         -1.160746132348         -0.000000000000
         -0.000000000000         -0.000000000000         -1.160746132348

     Effective Charges U-E: Z_{s,alpha}{beta}

     atom #    1
     -0.116095652399E+01      0.000000000000E+00     -0.888178419700E-15
      0.888178419700E-15     -0.116095652399E+01      0.266453525910E-14
     -0.444089209850E-15      0.355271367880E-14     -0.116095652399E+01
     atom #    2
     -0.116095652399E+01     -0.222044604925E-14     -0.133226762955E-14
     -0.266453525910E-14     -0.116095652399E+01      0.888178419700E-15
     -0.444089209850E-15      0.444089209850E-15     -0.116095652399E+01

     Diagonalizing the dynamical matrix

     q = (    0.000000000   0.000000000   0.000000000 ) 

 **************************************************************************
     freq (    1) =      -0.134088 [THz] =      -4.472685 [cm-1]
 (  0.146026  0.000000  0.228146  0.000000  0.653166 -0.000000 ) 
 (  0.146026  0.000000  0.228146  0.000000  0.653166 -0.000000 ) 
     freq (    2) =      -0.134088 [THz] =      -4.472685 [cm-1]
 ( -0.650418  0.000000  0.272847  0.000000  0.050109  0.000000 ) 
 ( -0.650418  0.000000  0.272847  0.000000  0.050109  0.000000 ) 
     freq (    3) =      -0.134088 [THz] =      -4.472685 [cm-1]
 ( -0.235866  0.000000 -0.611150  0.000000  0.266202  0.000000 ) 
 ( -0.235866  0.000000 -0.611150  0.000000  0.266202  0.000000 ) 
     freq (    4) =      15.349338 [THz] =     511.998817 [cm-1]
 (  0.350992  0.000000  0.613844 -0.000000  0.000000 -0.000000 ) 
 ( -0.350992  0.000000 -0.613844  0.000000  0.000000 -0.000000 ) 
     freq (    5) =      15.349338 [THz] =     511.998817 [cm-1]
 ( -0.613844  0.000000  0.350992  0.000000 -0.000000  0.000000 ) 
 (  0.613844 -0.000000 -0.350992  0.000000  0.000000  0.000000 ) 
     freq (    6) =      15.349338 [THz] =     511.998817 [cm-1]
 ( -0.000000  0.000000 -0.000000  0.000000 -0.707107  0.000000 ) 
 ( -0.000000  0.000000  0.000000  0.000000  0.707107  0.000000 ) 
 **************************************************************************
