Dynamical matrix file
phonons on a grid                                                          
  1    2   0  10.3346008   0.0000000   0.0000000   0.0000000   0.0000000   0.0000000
Basis vectors
     -0.500000000    0.000000000    0.500000000
      0.000000000    0.500000000    0.500000000
     -0.500000000    0.500000000    0.000000000
           1  'Si     '    25597.911567706618     
    1    1      0.0000000000      0.0000000000      0.0000000000
    2    1      0.2500000000     -0.2500000000     -0.2500000000

     Dynamical  Matrix in cartesian axes

     q = (    0.500000000  -0.500000000   0.500000000 ) 

    1    1
  0.27712276   0.00000000    -0.02080835   0.00000000     0.02080835   0.00000000
 -0.02080835   0.00000000     0.27712276   0.00000000    -0.02080835   0.00000000
  0.02080835   0.00000000    -0.02080835   0.00000000     0.27712276   0.00000000
    1    2
 -0.15011198   0.00000000    -0.08167773   0.00000000     0.08167773   0.00000000
 -0.08167773   0.00000000    -0.15011198   0.00000000    -0.08167773   0.00000000
  0.08167773   0.00000000    -0.08167773   0.00000000    -0.15011198   0.00000000
    2    1
 -0.15011198   0.00000000    -0.08167773   0.00000000     0.08167773   0.00000000
 -0.08167773   0.00000000    -0.15011198   0.00000000    -0.08167773   0.00000000
  0.08167773   0.00000000    -0.08167773   0.00000000    -0.15011198   0.00000000
    2    2
  0.27712276   0.00000000    -0.02080835   0.00000000     0.02080835   0.00000000
 -0.02080835   0.00000000     0.27712276   0.00000000    -0.02080835   0.00000000
  0.02080835   0.00000000    -0.02080835   0.00000000     0.27712276   0.00000000

     Dynamical  Matrix in cartesian axes

     q = (    0.500000000   0.500000000   0.500000000 ) 

    1    1
  0.27712276   0.00000000     0.02080835   0.00000000     0.02080835   0.00000000
  0.02080835   0.00000000     0.27712276   0.00000000     0.02080835   0.00000000
  0.02080835   0.00000000     0.02080835   0.00000000     0.27712276   0.00000000
    1    2
 -0.15011198   0.00000000     0.08167773   0.00000000     0.08167773   0.00000000
  0.08167773   0.00000000    -0.15011198   0.00000000     0.08167773   0.00000000
  0.08167773   0.00000000     0.08167773   0.00000000    -0.15011198   0.00000000
    2    1
 -0.15011198   0.00000000     0.08167773   0.00000000     0.08167773   0.00000000
  0.08167773   0.00000000    -0.15011198   0.00000000     0.08167773   0.00000000
  0.08167773   0.00000000     0.08167773   0.00000000    -0.15011198   0.00000000
    2    2
  0.27712276   0.00000000     0.02080835   0.00000000     0.02080835   0.00000000
  0.02080835   0.00000000     0.27712276   0.00000000     0.02080835   0.00000000
  0.02080835   0.00000000     0.02080835   0.00000000     0.27712276   0.00000000

     Dynamical  Matrix in cartesian axes

     q = (   -0.500000000   0.500000000   0.500000000 ) 

    1    1
  0.27712276   0.00000000    -0.02080835   0.00000000    -0.02080835   0.00000000
 -0.02080835   0.00000000     0.27712276   0.00000000     0.02080835   0.00000000
 -0.02080835   0.00000000     0.02080835   0.00000000     0.27712276   0.00000000
    1    2
  0.15011198  -0.00000000     0.08167773  -0.00000000     0.08167773  -0.00000000
  0.08167773  -0.00000000     0.15011198  -0.00000000    -0.08167773   0.00000000
  0.08167773  -0.00000000    -0.08167773   0.00000000     0.15011198  -0.00000000
    2    1
  0.15011198   0.00000000     0.08167773   0.00000000     0.08167773   0.00000000
  0.08167773   0.00000000     0.15011198   0.00000000    -0.08167773  -0.00000000
  0.08167773   0.00000000    -0.08167773  -0.00000000     0.15011198   0.00000000
    2    2
  0.27712276   0.00000000    -0.02080835   0.00000000    -0.02080835   0.00000000
 -0.02080835   0.00000000     0.27712276   0.00000000     0.02080835   0.00000000
 -0.02080835   0.00000000     0.02080835   0.00000000     0.27712276   0.00000000

     Dynamical  Matrix in cartesian axes

     q = (    0.500000000   0.500000000  -0.500000000 ) 

    1    1
  0.27712276   0.00000000     0.02080835   0.00000000    -0.02080835   0.00000000
  0.02080835   0.00000000     0.27712276   0.00000000    -0.02080835   0.00000000
 -0.02080835   0.00000000    -0.02080835   0.00000000     0.27712276   0.00000000
    1    2
 -0.15011198   0.00000000     0.08167773   0.00000000    -0.08167773   0.00000000
  0.08167773   0.00000000    -0.15011198   0.00000000    -0.08167773   0.00000000
 -0.08167773   0.00000000    -0.08167773   0.00000000    -0.15011198   0.00000000
    2    1
 -0.15011198   0.00000000     0.08167773   0.00000000    -0.08167773   0.00000000
  0.08167773   0.00000000    -0.15011198   0.00000000    -0.08167773   0.00000000
 -0.08167773   0.00000000    -0.08167773   0.00000000    -0.15011198   0.00000000
    2    2
  0.27712276   0.00000000     0.02080835   0.00000000    -0.02080835   0.00000000
  0.02080835   0.00000000     0.27712276   0.00000000    -0.02080835   0.00000000
 -0.02080835   0.00000000    -0.02080835   0.00000000     0.27712276   0.00000000

     Diagonalizing the dynamical matrix

     q = (    0.500000000  -0.500000000   0.500000000 ) 

 **************************************************************************
     freq (    1) =       3.220139 [THz] =     107.412267 [cm-1]
 ( -0.576744  0.000000 -0.311277  0.000000  0.265467  0.000000 ) 
 ( -0.576744  0.000000 -0.311277  0.000000  0.265467  0.000000 ) 
     freq (    2) =       3.220139 [THz] =     107.412267 [cm-1]
 ( -0.026448  0.000000  0.486251  0.000000  0.512699  0.000000 ) 
 ( -0.026448  0.000000  0.486251  0.000000  0.512699  0.000000 ) 
     freq (    3) =      11.365159 [THz] =     379.100900 [cm-1]
 (  0.408248  0.000000 -0.408248  0.000000  0.408248  0.000000 ) 
 ( -0.408248  0.000000  0.408248  0.000000 -0.408248  0.000000 ) 
     freq (    4) =      11.847607 [THz] =     395.193636 [cm-1]
 (  0.408248  0.000000 -0.408248  0.000000  0.408248  0.000000 ) 
 (  0.408248  0.000000 -0.408248  0.000000  0.408248  0.000000 ) 
     freq (    5) =      14.365773 [THz] =     479.190615 [cm-1]
 (  0.293549  0.000000 -0.283774  0.000000 -0.577323  0.000000 ) 
 ( -0.293549  0.000000  0.283774  0.000000  0.577323  0.000000 ) 
     freq (    6) =      14.365773 [THz] =     479.190615 [cm-1]
 ( -0.497154  0.000000 -0.502798  0.000000 -0.005644  0.000000 ) 
 (  0.497154  0.000000  0.502798  0.000000  0.005644  0.000000 ) 
 **************************************************************************
