Dynamical matrix file
phonons on a grid                                                          
  1    2   0  10.3346008   0.0000000   0.0000000   0.0000000   0.0000000   0.0000000
Basis vectors
     -0.500000000    0.000000000    0.500000000
      0.000000000    0.500000000    0.500000000
     -0.500000000    0.500000000    0.000000000
           1  'Si     '    25597.911567706618     
    1    1      0.0000000000      0.0000000000      0.0000000000
    2    1      0.2500000000     -0.2500000000     -0.2500000000

     Dynamical  Matrix in cartesian axes

     q = (    0.000000000   0.500000000   0.000000000 ) 

    1    1
  0.24941475   0.00000000    -0.00000000   0.00000000     0.00000000  -0.00000000
 -0.00000000   0.00000000     0.31505900   0.00000000     0.00000000   0.00000000
  0.00000000  -0.00000000     0.00000000   0.00000000     0.24941475   0.00000000
    1    2
 -0.12724275  -0.12724275     0.00000000   0.00000000     0.08248513  -0.08248513
  0.00000000   0.00000000    -0.13912024  -0.13912024     0.00000000   0.00000000
  0.08248513  -0.08248513     0.00000000   0.00000000    -0.12724275  -0.12724275
    2    1
 -0.12724275   0.12724275    -0.00000000   0.00000000     0.08248513   0.08248513
  0.00000000   0.00000000    -0.13912024   0.13912024    -0.00000000   0.00000000
  0.08248513   0.08248513    -0.00000000   0.00000000    -0.12724275   0.12724275
    2    2
  0.24941475   0.00000000     0.00000000   0.00000000     0.00000000   0.00000000
  0.00000000   0.00000000     0.31505900   0.00000000     0.00000000   0.00000000
  0.00000000   0.00000000     0.00000000   0.00000000     0.24941475   0.00000000

     Dynamical  Matrix in cartesian axes

     q = (    0.000000000  -0.500000000   0.000000000 ) 

    1    1
  0.24941475   0.00000000     0.00000000   0.00000000     0.00000000   0.00000000
  0.00000000   0.00000000     0.31505900   0.00000000     0.00000000   0.00000000
  0.00000000   0.00000000     0.00000000   0.00000000     0.24941475   0.00000000
    1    2
 -0.12724275   0.12724275     0.00000000   0.00000000     0.08248513   0.08248513
  0.00000000   0.00000000    -0.13912024   0.13912024     0.00000000   0.00000000
  0.08248513   0.08248513     0.00000000   0.00000000    -0.12724275   0.12724275
    2    1
 -0.12724275  -0.12724275     0.00000000   0.00000000     0.08248513  -0.08248513
  0.00000000   0.00000000    -0.13912024  -0.13912024     0.00000000  -0.00000000
  0.08248513  -0.08248513     0.00000000   0.00000000    -0.12724275  -0.12724275
    2    2
  0.24941475   0.00000000     0.00000000   0.00000000     0.00000000  -0.00000000
  0.00000000   0.00000000     0.31505900   0.00000000     0.00000000   0.00000000
 -0.00000000  -0.00000000     0.00000000   0.00000000     0.24941475   0.00000000

     Dynamical  Matrix in cartesian axes

     q = (    0.500000000   0.000000000   0.000000000 ) 

    1    1
  0.31505900   0.00000000     0.00000000   0.00000000     0.00000000   0.00000000
  0.00000000   0.00000000     0.24941475   0.00000000    -0.00000000  -0.00000000
  0.00000000   0.00000000    -0.00000000  -0.00000000     0.24941475   0.00000000
    1    2
 -0.13912024   0.13912024     0.00000000   0.00000000     0.00000000  -0.00000000
  0.00000000   0.00000000    -0.12724275   0.12724275    -0.08248513  -0.08248513
  0.00000000   0.00000000    -0.08248513  -0.08248513    -0.12724275   0.12724275
    2    1
 -0.13912024  -0.13912024     0.00000000   0.00000000     0.00000000   0.00000000
  0.00000000   0.00000000    -0.12724275  -0.12724275    -0.08248513   0.08248513
  0.00000000   0.00000000    -0.08248513   0.08248513    -0.12724275  -0.12724275
    2    2
  0.31505900   0.00000000    -0.00000000   0.00000000     0.00000000   0.00000000
  0.00000000   0.00000000     0.24941475   0.00000000     0.00000000   0.00000000
 -0.00000000   0.00000000     0.00000000   0.00000000     0.24941475   0.00000000

     Dynamical  Matrix in cartesian axes

     q = (    0.000000000   0.000000000   0.500000000 ) 

    1    1
  0.24941475   0.00000000     0.00000000  -0.00000000     0.00000000   0.00000000
  0.00000000  -0.00000000     0.24941475   0.00000000     0.00000000   0.00000000
 -0.00000000   0.00000000    -0.00000000   0.00000000     0.31505900   0.00000000
    1    2
 -0.12724275  -0.12724275     0.08248513  -0.08248513     0.00000000   0.00000000
  0.08248513  -0.08248513    -0.12724275  -0.12724275     0.00000000   0.00000000
  0.00000000  -0.00000000     0.00000000   0.00000000    -0.13912024  -0.13912024
    2    1
 -0.12724275   0.12724275     0.08248513   0.08248513    -0.00000000   0.00000000
  0.08248513   0.08248513    -0.12724275   0.12724275    -0.00000000   0.00000000
 -0.00000000  -0.00000000     0.00000000  -0.00000000    -0.13912024   0.13912024
    2    2
  0.24941475   0.00000000     0.00000000   0.00000000     0.00000000   0.00000000
  0.00000000   0.00000000     0.24941475   0.00000000     0.00000000   0.00000000
 -0.00000000   0.00000000     0.00000000   0.00000000     0.31505900   0.00000000

     Dynamical  Matrix in cartesian axes

     q = (    0.000000000   0.000000000  -0.500000000 ) 

    1    1
  0.24941475   0.00000000     0.00000000   0.00000000     0.00000000   0.00000000
  0.00000000   0.00000000     0.24941475   0.00000000     0.00000000   0.00000000
 -0.00000000   0.00000000    -0.00000000   0.00000000     0.31505900   0.00000000
    1    2
 -0.12724275   0.12724275     0.08248513   0.08248513    -0.00000000   0.00000000
  0.08248513   0.08248513    -0.12724275   0.12724275    -0.00000000   0.00000000
 -0.00000000  -0.00000000    -0.00000000   0.00000000    -0.13912024   0.13912024
    2    1
 -0.12724275  -0.12724275     0.08248513  -0.08248513     0.00000000   0.00000000
  0.08248513  -0.08248513    -0.12724275  -0.12724275     0.00000000   0.00000000
  0.00000000   0.00000000     0.00000000   0.00000000    -0.13912024  -0.13912024
    2    2
  0.24941475   0.00000000     0.00000000  -0.00000000     0.00000000   0.00000000
  0.00000000  -0.00000000     0.24941475   0.00000000     0.00000000   0.00000000
 -0.00000000   0.00000000    -0.00000000   0.00000000     0.31505900   0.00000000

     Dynamical  Matrix in cartesian axes

     q = (   -0.500000000   0.000000000   0.000000000 ) 

    1    1
  0.31505900   0.00000000     0.00000000   0.00000000     0.00000000   0.00000000
  0.00000000   0.00000000     0.24941475   0.00000000    -0.00000000   0.00000000
 -0.00000000   0.00000000    -0.00000000   0.00000000     0.24941475   0.00000000
    1    2
 -0.13912024  -0.13912024     0.00000000   0.00000000     0.00000000  -0.00000000
  0.00000000   0.00000000    -0.12724275  -0.12724275    -0.08248513   0.08248513
  0.00000000  -0.00000000    -0.08248513   0.08248513    -0.12724275  -0.12724275
    2    1
 -0.13912024   0.13912024     0.00000000   0.00000000     0.00000000   0.00000000
  0.00000000  -0.00000000    -0.12724275   0.12724275    -0.08248513  -0.08248513
  0.00000000   0.00000000    -0.08248513  -0.08248513    -0.12724275   0.12724275
    2    2
  0.31505900   0.00000000     0.00000000   0.00000000     0.00000000   0.00000000
  0.00000000   0.00000000     0.24941475   0.00000000    -0.00000000  -0.00000000
  0.00000000   0.00000000    -0.00000000  -0.00000000     0.24941475   0.00000000

     Diagonalizing the dynamical matrix

     q = (    0.000000000   0.500000000   0.000000000 ) 

 **************************************************************************
     freq (    1) =       3.844897 [THz] =     128.251958 [cm-1]
 (  0.296620  0.518825  0.000000 -0.000000 -0.303819  0.224793 ) 
 (  0.687161  0.162240 -0.000000 -0.000000  0.038578  0.000000 ) 
     freq (    2) =       3.844897 [THz] =     128.251958 [cm-1]
 ( -0.288591  0.244035  0.000000  0.000000  0.436783  0.407900 ) 
 ( -0.037546 -0.008865  0.000000  0.000000  0.706054  0.000000 ) 
     freq (    3) =       7.072770 [THz] =     235.922197 [cm-1]
 ( -0.000000  0.000000 -0.331795 -0.624429  0.000000  0.000000 ) 
 ( -0.000000  0.000000 -0.676153 -0.206923  0.000000 -0.000000 ) 
     freq (    4) =      14.004535 [THz] =     467.141010 [cm-1]
 (  0.233678 -0.590449 -0.000000  0.000000  0.302748  0.071472 ) 
 (  0.300644  0.632928 -0.000000 -0.000000  0.094947  0.000000 ) 
     freq (    5) =      14.004535 [THz] =     467.141010 [cm-1]
 (  0.242799 -0.194456  0.000000  0.000000 -0.464414 -0.433076 ) 
 ( -0.040738 -0.085763 -0.000000  0.000000  0.700703  0.000000 ) 
     freq (    6) =      14.710415 [THz] =     490.686615 [cm-1]
 ( -0.000000  0.000000  0.432286  0.559579  0.000000  0.000000 ) 
 ( -0.000000 -0.000000 -0.701355 -0.090010 -0.000000  0.000000 ) 
 **************************************************************************
