Dynamical matrix file
phonons on a grid                                                          
  1    2   0  10.3346008   0.0000000   0.0000000   0.0000000   0.0000000   0.0000000
Basis vectors
     -0.500000000    0.000000000    0.500000000
      0.000000000    0.500000000    0.500000000
     -0.500000000    0.500000000    0.000000000
           1  'Si     '    25597.911567706618     
    1    1      0.0000000000      0.0000000000      0.0000000000
    2    1      0.2500000000     -0.2500000000     -0.2500000000

     Dynamical  Matrix in cartesian axes

     q = (    0.500000000   0.000000000   0.500000000 ) 

    1    1
  0.26165456   0.00000000     0.00000000   0.00760350     0.01182573   0.00000000
 -0.00000000  -0.00760350     0.27725014   0.00000000    -0.00000000  -0.00760350
  0.01182573   0.00000000     0.00000000   0.00760350     0.26165456   0.00000000
    1    2
 -0.12564391   0.00000000     0.00000000  -0.08315038     0.08261071   0.00000000
  0.00000000  -0.08315038    -0.14172122   0.00000000    -0.00000000  -0.08315038
  0.08261071   0.00000000    -0.00000000  -0.08315038    -0.12564391   0.00000000
    2    1
 -0.12564391   0.00000000    -0.00000000   0.08315038     0.08261071   0.00000000
  0.00000000   0.08315038    -0.14172122   0.00000000     0.00000000   0.08315038
  0.08261071   0.00000000    -0.00000000   0.08315038    -0.12564391   0.00000000
    2    2
  0.26165456   0.00000000     0.00000000  -0.00760350     0.01182573   0.00000000
 -0.00000000   0.00760350     0.27725014   0.00000000     0.00000000   0.00760350
  0.01182573   0.00000000     0.00000000  -0.00760350     0.26165456   0.00000000

     Dynamical  Matrix in cartesian axes

     q = (   -0.500000000   0.000000000   0.500000000 ) 

    1    1
  0.26165456   0.00000000     0.00000000   0.00760350    -0.01182573   0.00000000
 -0.00000000  -0.00760350     0.27725014   0.00000000     0.00000000   0.00760350
 -0.01182573   0.00000000     0.00000000  -0.00760350     0.26165456   0.00000000
    1    2
 -0.00000000  -0.12564391     0.08315038   0.00000000     0.00000000  -0.08261071
  0.08315038   0.00000000    -0.00000000  -0.14172122    -0.08315038   0.00000000
  0.00000000  -0.08261071    -0.08315038   0.00000000    -0.00000000  -0.12564391
    2    1
 -0.00000000   0.12564391     0.08315038   0.00000000     0.00000000   0.08261071
  0.08315038   0.00000000    -0.00000000   0.14172122    -0.08315038   0.00000000
  0.00000000   0.08261071    -0.08315038   0.00000000    -0.00000000   0.12564391
    2    2
  0.26165456   0.00000000     0.00000000  -0.00760350    -0.01182573   0.00000000
 -0.00000000   0.00760350     0.27725014   0.00000000     0.00000000  -0.00760350
 -0.01182573   0.00000000     0.00000000   0.00760350     0.26165456   0.00000000

     Dynamical  Matrix in cartesian axes

     q = (   -0.500000000   0.000000000  -0.500000000 ) 

    1    1
  0.26165456   0.00000000     0.00000000  -0.00760350     0.01182573   0.00000000
 -0.00000000   0.00760350     0.27725014   0.00000000     0.00000000   0.00760350
  0.01182573   0.00000000     0.00000000  -0.00760350     0.26165456   0.00000000
    1    2
 -0.12564391   0.00000000    -0.00000000   0.08315038     0.08261071   0.00000000
  0.00000000   0.08315038    -0.14172122   0.00000000     0.00000000   0.08315038
  0.08261071   0.00000000    -0.00000000   0.08315038    -0.12564391   0.00000000
    2    1
 -0.12564391   0.00000000    -0.00000000  -0.08315038     0.08261071   0.00000000
 -0.00000000  -0.08315038    -0.14172122   0.00000000     0.00000000  -0.08315038
  0.08261071   0.00000000    -0.00000000  -0.08315038    -0.12564391   0.00000000
    2    2
  0.26165456   0.00000000     0.00000000   0.00760350     0.01182573   0.00000000
 -0.00000000  -0.00760350     0.27725014   0.00000000     0.00000000  -0.00760350
  0.01182573   0.00000000     0.00000000   0.00760350     0.26165456   0.00000000

     Dynamical  Matrix in cartesian axes

     q = (    0.500000000   0.000000000  -0.500000000 ) 

    1    1
  0.26165456   0.00000000     0.00000000  -0.00760350    -0.01182573   0.00000000
 -0.00000000   0.00760350     0.27725014   0.00000000     0.00000000  -0.00760350
 -0.01182573   0.00000000     0.00000000   0.00760350     0.26165456   0.00000000
    1    2
 -0.00000000   0.12564391     0.08315038   0.00000000     0.00000000   0.08261071
  0.08315038   0.00000000    -0.00000000   0.14172122    -0.08315038   0.00000000
  0.00000000   0.08261071    -0.08315038   0.00000000    -0.00000000   0.12564391
    2    1
 -0.00000000  -0.12564391     0.08315038   0.00000000    -0.00000000  -0.08261071
  0.08315038   0.00000000    -0.00000000  -0.14172122    -0.08315038   0.00000000
  0.00000000  -0.08261071    -0.08315038   0.00000000    -0.00000000  -0.12564391
    2    2
  0.26165456   0.00000000     0.00000000   0.00760350    -0.01182573   0.00000000
 -0.00000000  -0.00760350     0.27725014   0.00000000     0.00000000   0.00760350
 -0.01182573   0.00000000     0.00000000  -0.00760350     0.26165456   0.00000000

     Dynamical  Matrix in cartesian axes

     q = (    0.000000000   0.500000000  -0.500000000 ) 

    1    1
  0.27725014   0.00000000     0.00000000   0.00760350     0.00000000  -0.00760350
  0.00000000  -0.00760350     0.26165456   0.00000000    -0.01182573   0.00000000
 -0.00000000   0.00760350    -0.01182573   0.00000000     0.26165456   0.00000000
    1    2
 -0.14172122   0.00000000     0.00000000   0.08315038    -0.00000000  -0.08315038
 -0.00000000   0.08315038    -0.12564391   0.00000000    -0.08261071   0.00000000
  0.00000000  -0.08315038    -0.08261071   0.00000000    -0.12564391   0.00000000
    2    1
 -0.14172122   0.00000000     0.00000000  -0.08315038     0.00000000   0.08315038
  0.00000000  -0.08315038    -0.12564391   0.00000000    -0.08261071   0.00000000
  0.00000000   0.08315038    -0.08261071   0.00000000    -0.12564391   0.00000000
    2    2
  0.27725014   0.00000000     0.00000000  -0.00760350     0.00000000   0.00760350
  0.00000000   0.00760350     0.26165456   0.00000000    -0.01182573   0.00000000
 -0.00000000  -0.00760350    -0.01182573   0.00000000     0.26165456   0.00000000

     Dynamical  Matrix in cartesian axes

     q = (   -0.500000000   0.500000000   0.000000000 ) 

    1    1
  0.26165456   0.00000000    -0.01182573   0.00000000    -0.00000000   0.00760350
 -0.01182573   0.00000000     0.26165456   0.00000000    -0.00000000  -0.00760350
  0.00000000  -0.00760350    -0.00000000   0.00760350     0.27725014   0.00000000
    1    2
 -0.00000000  -0.12564391     0.00000000  -0.08261071     0.08315038  -0.00000000
  0.00000000  -0.08261071    -0.00000000  -0.12564391    -0.08315038  -0.00000000
  0.08315038  -0.00000000    -0.08315038  -0.00000000     0.00000000  -0.14172122
    2    1
 -0.00000000   0.12564391     0.00000000   0.08261071     0.08315038   0.00000000
  0.00000000   0.08261071    -0.00000000   0.12564391    -0.08315038   0.00000000
  0.08315038   0.00000000    -0.08315038   0.00000000     0.00000000   0.14172122
    2    2
  0.26165456   0.00000000    -0.01182573   0.00000000    -0.00000000  -0.00760350
 -0.01182573   0.00000000     0.26165456   0.00000000    -0.00000000   0.00760350
  0.00000000   0.00760350    -0.00000000  -0.00760350     0.27725014   0.00000000

     Dynamical  Matrix in cartesian axes

     q = (    0.000000000   0.500000000   0.500000000 ) 

    1    1
  0.27725014   0.00000000    -0.00000000  -0.00760350     0.00000000  -0.00760350
  0.00000000   0.00760350     0.26165456   0.00000000     0.01182573   0.00000000
 -0.00000000   0.00760350     0.01182573   0.00000000     0.26165456   0.00000000
    1    2
 -0.00000000  -0.14172122     0.08315038   0.00000000     0.08315038  -0.00000000
  0.08315038   0.00000000    -0.00000000  -0.12564391     0.00000000   0.08261071
  0.08315038  -0.00000000    -0.00000000   0.08261071    -0.00000000  -0.12564391
    2    1
 -0.00000000   0.14172122     0.08315038   0.00000000     0.08315038   0.00000000
  0.08315038   0.00000000    -0.00000000   0.12564391    -0.00000000  -0.08261071
  0.08315038   0.00000000    -0.00000000  -0.08261071    -0.00000000   0.12564391
    2    2
  0.27725014   0.00000000    -0.00000000   0.00760350     0.00000000   0.00760350
  0.00000000  -0.00760350     0.26165456   0.00000000     0.01182573   0.00000000
 -0.00000000  -0.00760350     0.01182573   0.00000000     0.26165456   0.00000000

     Dynamical  Matrix in cartesian axes

     q = (    0.000000000  -0.500000000  -0.500000000 ) 

    1    1
  0.27725014   0.00000000    -0.00000000   0.00760350     0.00000000   0.00760350
  0.00000000  -0.00760350     0.26165456   0.00000000     0.01182573   0.00000000
 -0.00000000  -0.00760350     0.01182573   0.00000000     0.26165456   0.00000000
    1    2
  0.00000000   0.14172122     0.08315038   0.00000000     0.08315038   0.00000000
  0.08315038   0.00000000    -0.00000000   0.12564391     0.00000000  -0.08261071
  0.08315038   0.00000000     0.00000000  -0.08261071    -0.00000000   0.12564391
    2    1
 -0.00000000  -0.14172122     0.08315038   0.00000000     0.08315038   0.00000000
  0.08315038   0.00000000    -0.00000000  -0.12564391    -0.00000000   0.08261071
  0.08315038   0.00000000    -0.00000000   0.08261071    -0.00000000  -0.12564391
    2    2
  0.27725014   0.00000000    -0.00000000  -0.00760350     0.00000000  -0.00760350
  0.00000000   0.00760350     0.26165456   0.00000000     0.01182573   0.00000000
 -0.00000000   0.00760350     0.01182573   0.00000000     0.26165456   0.00000000

     Dynamical  Matrix in cartesian axes

     q = (    0.500000000   0.500000000   0.000000000 ) 

    1    1
  0.26165456   0.00000000     0.01182573   0.00000000     0.00000000   0.00760350
  0.01182573   0.00000000     0.26165456   0.00000000     0.00000000   0.00760350
  0.00000000  -0.00760350     0.00000000  -0.00760350     0.27725014   0.00000000
    1    2
 -0.12564391   0.00000000     0.08261071   0.00000000     0.00000000  -0.08315038
  0.08261071   0.00000000    -0.12564391   0.00000000     0.00000000  -0.08315038
 -0.00000000  -0.08315038     0.00000000  -0.08315038    -0.14172122   0.00000000
    2    1
 -0.12564391   0.00000000     0.08261071   0.00000000     0.00000000   0.08315038
  0.08261071   0.00000000    -0.12564391   0.00000000     0.00000000   0.08315038
 -0.00000000   0.08315038     0.00000000   0.08315038    -0.14172122   0.00000000
    2    2
  0.26165456   0.00000000     0.01182573   0.00000000     0.00000000  -0.00760350
  0.01182573   0.00000000     0.26165456   0.00000000     0.00000000  -0.00760350
  0.00000000   0.00760350     0.00000000   0.00760350     0.27725014   0.00000000

     Dynamical  Matrix in cartesian axes

     q = (    0.500000000  -0.500000000   0.000000000 ) 

    1    1
  0.26165456   0.00000000    -0.01182573   0.00000000    -0.00000000  -0.00760350
 -0.01182573   0.00000000     0.26165456   0.00000000    -0.00000000   0.00760350
  0.00000000   0.00760350    -0.00000000  -0.00760350     0.27725014   0.00000000
    1    2
 -0.00000000   0.12564391     0.00000000   0.08261071     0.08315038   0.00000000
  0.00000000   0.08261071    -0.00000000   0.12564391    -0.08315038   0.00000000
  0.08315038   0.00000000    -0.08315038   0.00000000     0.00000000   0.14172122
    2    1
 -0.00000000  -0.12564391     0.00000000  -0.08261071     0.08315038   0.00000000
  0.00000000  -0.08261071    -0.00000000  -0.12564391    -0.08315038   0.00000000
  0.08315038   0.00000000    -0.08315038   0.00000000    -0.00000000  -0.14172122
    2    2
  0.26165456   0.00000000    -0.01182573   0.00000000    -0.00000000   0.00760350
 -0.01182573   0.00000000     0.26165456   0.00000000    -0.00000000  -0.00760350
  0.00000000  -0.00760350    -0.00000000   0.00760350     0.27725014   0.00000000

     Dynamical  Matrix in cartesian axes

     q = (   -0.500000000  -0.500000000   0.000000000 ) 

    1    1
  0.26165456   0.00000000     0.01182573   0.00000000     0.00000000  -0.00760350
  0.01182573   0.00000000     0.26165456   0.00000000     0.00000000  -0.00760350
  0.00000000   0.00760350     0.00000000   0.00760350     0.27725014   0.00000000
    1    2
 -0.12564391   0.00000000     0.08261071   0.00000000    -0.00000000   0.08315038
  0.08261071   0.00000000    -0.12564391   0.00000000     0.00000000   0.08315038
  0.00000000   0.08315038     0.00000000   0.08315038    -0.14172122   0.00000000
    2    1
 -0.12564391   0.00000000     0.08261071   0.00000000     0.00000000  -0.08315038
  0.08261071   0.00000000    -0.12564391   0.00000000     0.00000000  -0.08315038
 -0.00000000  -0.08315038     0.00000000  -0.08315038    -0.14172122   0.00000000
    2    2
  0.26165456   0.00000000     0.01182573   0.00000000     0.00000000   0.00760350
  0.01182573   0.00000000     0.26165456   0.00000000     0.00000000   0.00760350
  0.00000000  -0.00760350     0.00000000  -0.00760350     0.27725014   0.00000000

     Dynamical  Matrix in cartesian axes

     q = (    0.000000000  -0.500000000   0.500000000 ) 

    1    1
  0.27725014   0.00000000     0.00000000  -0.00760350     0.00000000   0.00760350
  0.00000000   0.00760350     0.26165456   0.00000000    -0.01182573   0.00000000
 -0.00000000  -0.00760350    -0.01182573   0.00000000     0.26165456   0.00000000
    1    2
 -0.14172122   0.00000000     0.00000000  -0.08315038    -0.00000000   0.08315038
 -0.00000000  -0.08315038    -0.12564391   0.00000000    -0.08261071   0.00000000
  0.00000000   0.08315038    -0.08261071   0.00000000    -0.12564391   0.00000000
    2    1
 -0.14172122   0.00000000    -0.00000000   0.08315038    -0.00000000  -0.08315038
  0.00000000   0.08315038    -0.12564391   0.00000000    -0.08261071   0.00000000
  0.00000000  -0.08315038    -0.08261071   0.00000000    -0.12564391   0.00000000
    2    2
  0.27725014   0.00000000     0.00000000   0.00760350     0.00000000  -0.00760350
  0.00000000  -0.00760350     0.26165456   0.00000000    -0.01182573   0.00000000
 -0.00000000   0.00760350    -0.01182573   0.00000000     0.26165456   0.00000000

     Diagonalizing the dynamical matrix

     q = (    0.500000000   0.000000000   0.500000000 ) 

 **************************************************************************
     freq (    1) =       4.192613 [THz] =     139.850517 [cm-1]
 (  0.500000 -0.000000 -0.000000 -0.000000 -0.500000 -0.000000 ) 
 (  0.500000  0.000000 -0.000000 -0.000000 -0.500000  0.000000 ) 
     freq (    2) =       6.030368 [THz] =     201.151433 [cm-1]
 (  0.210263  0.000000  0.000000 -0.641544  0.210263  0.000000 ) 
 ( -0.210263 -0.000000  0.000000 -0.641544 -0.210263  0.000000 ) 
     freq (    3) =       8.364294 [THz] =     279.002819 [cm-1]
 (  0.446086 -0.000000  0.000000  0.319396  0.446086  0.000000 ) 
 (  0.446086 -0.000000  0.000000 -0.319396  0.446086  0.000000 ) 
     freq (    4) =      12.440371 [THz] =     414.966125 [cm-1]
 (  0.453640 -0.000000  0.000000  0.297357  0.453640 -0.000000 ) 
 ( -0.453640  0.000000  0.000000  0.297357 -0.453640  0.000000 ) 
     freq (    5) =      13.916982 [THz] =     464.220554 [cm-1]
 ( -0.500000  0.000000 -0.000000 -0.000000  0.500000 -0.000000 ) 
 (  0.500000 -0.000000  0.000000  0.000000 -0.500000  0.000000 ) 
     freq (    6) =      14.304523 [THz] =     477.147532 [cm-1]
 (  0.225847  0.000000 -0.000000 -0.630861  0.225847 -0.000000 ) 
 (  0.225847 -0.000000  0.000000  0.630861  0.225847  0.000000 ) 
 **************************************************************************
