Dynamical matrix file
phonons on a grid                                                          
  1    2   0  10.3346008   0.0000000   0.0000000   0.0000000   0.0000000   0.0000000
Basis vectors
     -0.500000000    0.000000000    0.500000000
      0.000000000    0.500000000    0.500000000
     -0.500000000    0.500000000    0.000000000
           1  'Si     '    25597.911567706618     
    1    1      0.0000000000      0.0000000000      0.0000000000
    2    1      0.2500000000     -0.2500000000     -0.2500000000

     Dynamical  Matrix in cartesian axes

     q = (    0.000000000  -1.000000000   0.000000000 ) 

    1    1
  0.23248431   0.00000000    -0.00000000   0.00000000    -0.00000000   0.00000000
 -0.00000000   0.00000000     0.33947160   0.00000000    -0.00000000   0.00000000
 -0.00000000   0.00000000    -0.00000000   0.00000000     0.23248431   0.00000000
    1    2
  0.00000000  -0.00000000     0.00000000   0.00000000     0.18780678   0.00000000
  0.00000000   0.00000000    -0.00000000   0.00000000    -0.00000000   0.00000000
  0.18780678   0.00000000     0.00000000   0.00000000     0.00000000  -0.00000000
    2    1
 -0.00000000   0.00000000    -0.00000000  -0.00000000     0.18780678  -0.00000000
 -0.00000000  -0.00000000    -0.00000000  -0.00000000     0.00000000   0.00000000
  0.18780678  -0.00000000     0.00000000   0.00000000    -0.00000000  -0.00000000
    2    2
  0.23248431   0.00000000     0.00000000   0.00000000    -0.00000000   0.00000000
  0.00000000   0.00000000     0.33947160   0.00000000     0.00000000   0.00000000
 -0.00000000   0.00000000     0.00000000   0.00000000     0.23248431   0.00000000

     Dynamical  Matrix in cartesian axes

     q = (   -1.000000000   0.000000000   0.000000000 ) 

    1    1
  0.33947160   0.00000000     0.00000000   0.00000000    -0.00000000   0.00000000
  0.00000000   0.00000000     0.23248431   0.00000000     0.00000000   0.00000000
  0.00000000   0.00000000     0.00000000   0.00000000     0.23248431   0.00000000
    1    2
  0.00000000  -0.00000000     0.00000000  -0.00000000     0.00000000  -0.00000000
  0.00000000  -0.00000000     0.00000000  -0.00000000    -0.18780678   0.00000000
 -0.00000000  -0.00000000    -0.18780678   0.00000000    -0.00000000  -0.00000000
    2    1
 -0.00000000   0.00000000     0.00000000   0.00000000    -0.00000000  -0.00000000
 -0.00000000   0.00000000     0.00000000   0.00000000    -0.18780678  -0.00000000
 -0.00000000  -0.00000000    -0.18780678  -0.00000000    -0.00000000  -0.00000000
    2    2
  0.33947160   0.00000000     0.00000000   0.00000000     0.00000000   0.00000000
  0.00000000   0.00000000     0.23248431   0.00000000     0.00000000   0.00000000
  0.00000000   0.00000000     0.00000000   0.00000000     0.23248431   0.00000000

     Dynamical  Matrix in cartesian axes

     q = (    0.000000000   0.000000000  -1.000000000 ) 

    1    1
  0.23248431   0.00000000     0.00000000   0.00000000     0.00000000   0.00000000
  0.00000000   0.00000000     0.23248431   0.00000000     0.00000000   0.00000000
  0.00000000   0.00000000     0.00000000   0.00000000     0.33947160   0.00000000
    1    2
  0.00000000   0.00000000     0.18780678   0.00000000     0.00000000   0.00000000
  0.18780678   0.00000000     0.00000000   0.00000000     0.00000000   0.00000000
  0.00000000   0.00000000     0.00000000   0.00000000     0.00000000   0.00000000
    2    1
  0.00000000   0.00000000     0.18780678  -0.00000000     0.00000000   0.00000000
  0.18780678  -0.00000000     0.00000000   0.00000000     0.00000000   0.00000000
 -0.00000000   0.00000000    -0.00000000   0.00000000     0.00000000  -0.00000000
    2    2
  0.23248431   0.00000000    -0.00000000   0.00000000    -0.00000000   0.00000000
 -0.00000000   0.00000000     0.23248431   0.00000000    -0.00000000   0.00000000
 -0.00000000   0.00000000    -0.00000000   0.00000000     0.33947160   0.00000000

     Diagonalizing the dynamical matrix

     q = (    0.000000000  -1.000000000   0.000000000 ) 

 **************************************************************************
     freq (    1) =       4.346276 [THz] =     144.976176 [cm-1]
 (  0.702189  0.000000 -0.000000  0.000000  0.083252  0.000000 ) 
 ( -0.083252  0.000000 -0.000000  0.000000 -0.702189  0.000000 ) 
     freq (    2) =       4.346276 [THz] =     144.976176 [cm-1]
 (  0.083252  0.000000  0.000000  0.000000 -0.702189  0.000000 ) 
 (  0.702189  0.000000  0.000000  0.000000 -0.083252  0.000000 ) 
     freq (    3) =      11.980488 [THz] =     399.626049 [cm-1]
 (  0.000000  0.000000 -0.998712  0.000000  0.000000  0.000000 ) 
 (  0.000000  0.000000  0.050733  0.000000  0.000000  0.000000 ) 
     freq (    4) =      11.980488 [THz] =     399.626049 [cm-1]
 (  0.000000  0.000000  0.050733  0.000000  0.000000  0.000000 ) 
 (  0.000000  0.000000  0.998712  0.000000  0.000000  0.000000 ) 
     freq (    5) =      13.330544 [THz] =     444.659075 [cm-1]
 (  0.605984  0.000000  0.000000  0.000000  0.364395  0.000000 ) 
 (  0.364395  0.000000 -0.000000  0.000000  0.605984  0.000000 ) 
     freq (    6) =      13.330544 [THz] =     444.659075 [cm-1]
 ( -0.364395  0.000000  0.000000  0.000000  0.605984  0.000000 ) 
 (  0.605984  0.000000 -0.000000  0.000000 -0.364395  0.000000 ) 
 **************************************************************************
