Dynamical matrix file
phonons on a grid                                                          
  1    2   0  10.3346008   0.0000000   0.0000000   0.0000000   0.0000000   0.0000000
Basis vectors
     -0.500000000    0.000000000    0.500000000
      0.000000000    0.500000000    0.500000000
     -0.500000000    0.500000000    0.000000000
           1  'Si     '    25597.911567706618     
    1    1      0.0000000000      0.0000000000      0.0000000000
    2    1      0.2500000000     -0.2500000000     -0.2500000000

     Dynamical  Matrix in cartesian axes

     q = (   -0.500000000  -1.000000000   0.000000000 ) 

    1    1
  0.23559611   0.00000000    -0.00000000   0.00000000    -0.00000000   0.00000000
 -0.00000000   0.00000000     0.27279561   0.00000000    -0.00000000  -0.01717379
  0.00000000   0.00000000     0.00000000   0.01717379     0.27279561   0.00000000
    1    2
  0.00000000   0.00000000     0.08264812  -0.08264812     0.08264812   0.08264812
  0.08264812  -0.08264812     0.00000000   0.00000000     0.00000000   0.00000000
  0.08264812   0.08264812     0.00000000   0.00000000     0.00000000   0.00000000
    2    1
  0.00000000   0.00000000     0.08264812   0.08264812     0.08264812  -0.08264812
  0.08264812   0.08264812    -0.00000000   0.00000000     0.00000000  -0.00000000
  0.08264812  -0.08264812    -0.00000000  -0.00000000     0.00000000   0.00000000
    2    2
  0.23559611   0.00000000     0.00000000   0.00000000     0.00000000   0.00000000
  0.00000000   0.00000000     0.27279561   0.00000000     0.00000000   0.01717379
  0.00000000   0.00000000     0.00000000  -0.01717379     0.27279561   0.00000000

     Dynamical  Matrix in cartesian axes

     q = (    0.000000000   1.000000000   0.500000000 ) 

    1    1
  0.27279561   0.00000000    -0.00000000  -0.01717379     0.00000000   0.00000000
 -0.00000000   0.01717379     0.27279561   0.00000000     0.00000000   0.00000000
  0.00000000   0.00000000    -0.00000000   0.00000000     0.23559611   0.00000000
    1    2
 -0.00000000   0.00000000     0.00000000  -0.00000000     0.08264812   0.08264812
  0.00000000   0.00000000     0.00000000  -0.00000000    -0.08264812   0.08264812
  0.08264812   0.08264812    -0.08264812   0.08264812     0.00000000  -0.00000000
    2    1
 -0.00000000   0.00000000     0.00000000  -0.00000000     0.08264812  -0.08264812
 -0.00000000   0.00000000     0.00000000  -0.00000000    -0.08264812  -0.08264812
  0.08264812  -0.08264812    -0.08264812  -0.08264812    -0.00000000  -0.00000000
    2    2
  0.27279561   0.00000000     0.00000000   0.01717379     0.00000000   0.00000000
 -0.00000000  -0.01717379     0.27279561   0.00000000    -0.00000000   0.00000000
  0.00000000   0.00000000     0.00000000   0.00000000     0.23559611   0.00000000

     Dynamical  Matrix in cartesian axes

     q = (    0.000000000  -1.000000000  -0.500000000 ) 

    1    1
  0.27279561   0.00000000    -0.00000000   0.01717379     0.00000000   0.00000000
 -0.00000000  -0.01717379     0.27279561   0.00000000    -0.00000000   0.00000000
  0.00000000   0.00000000    -0.00000000   0.00000000     0.23559611   0.00000000
    1    2
 -0.00000000   0.00000000     0.00000000  -0.00000000     0.08264812  -0.08264812
 -0.00000000   0.00000000    -0.00000000  -0.00000000    -0.08264812  -0.08264812
  0.08264812  -0.08264812    -0.08264812  -0.08264812    -0.00000000  -0.00000000
    2    1
  0.00000000   0.00000000    -0.00000000   0.00000000     0.08264812   0.08264812
 -0.00000000   0.00000000    -0.00000000   0.00000000    -0.08264812   0.08264812
  0.08264812   0.08264812    -0.08264812   0.08264812    -0.00000000   0.00000000
    2    2
  0.27279561   0.00000000    -0.00000000  -0.01717379     0.00000000   0.00000000
 -0.00000000   0.01717379     0.27279561   0.00000000    -0.00000000   0.00000000
  0.00000000   0.00000000    -0.00000000   0.00000000     0.23559611   0.00000000

     Dynamical  Matrix in cartesian axes

     q = (    0.500000000   1.000000000   0.000000000 ) 

    1    1
  0.23559611   0.00000000     0.00000000   0.00000000     0.00000000   0.00000000
  0.00000000   0.00000000     0.27279561   0.00000000     0.00000000   0.01717379
  0.00000000   0.00000000     0.00000000  -0.01717379     0.27279561   0.00000000
    1    2
  0.00000000   0.00000000     0.08264812   0.08264812     0.08264812  -0.08264812
  0.08264812   0.08264812    -0.00000000   0.00000000    -0.00000000  -0.00000000
  0.08264812  -0.08264812    -0.00000000  -0.00000000     0.00000000   0.00000000
    2    1
  0.00000000   0.00000000     0.08264812  -0.08264812     0.08264812   0.08264812
  0.08264812  -0.08264812     0.00000000   0.00000000    -0.00000000  -0.00000000
  0.08264812   0.08264812    -0.00000000  -0.00000000     0.00000000   0.00000000
    2    2
  0.23559611   0.00000000     0.00000000   0.00000000    -0.00000000   0.00000000
  0.00000000   0.00000000     0.27279561   0.00000000    -0.00000000  -0.01717379
  0.00000000   0.00000000     0.00000000   0.01717379     0.27279561   0.00000000

     Dynamical  Matrix in cartesian axes

     q = (   -1.000000000  -0.500000000   0.000000000 ) 

    1    1
  0.27279561   0.00000000     0.00000000   0.00000000    -0.00000000  -0.01717379
  0.00000000   0.00000000     0.23559611   0.00000000    -0.00000000   0.00000000
  0.00000000   0.01717379     0.00000000   0.00000000     0.27279561   0.00000000
    1    2
  0.00000000   0.00000000     0.08264812   0.08264812     0.00000000   0.00000000
  0.08264812   0.08264812    -0.00000000   0.00000000    -0.08264812   0.08264812
  0.00000000   0.00000000    -0.08264812   0.08264812     0.00000000   0.00000000
    2    1
 -0.00000000   0.00000000     0.08264812  -0.08264812    -0.00000000   0.00000000
  0.08264812  -0.08264812    -0.00000000   0.00000000    -0.08264812  -0.08264812
 -0.00000000   0.00000000    -0.08264812  -0.08264812    -0.00000000   0.00000000
    2    2
  0.27279561   0.00000000     0.00000000   0.00000000    -0.00000000   0.01717379
  0.00000000   0.00000000     0.23559611   0.00000000    -0.00000000   0.00000000
 -0.00000000  -0.01717379     0.00000000   0.00000000     0.27279561   0.00000000

     Dynamical  Matrix in cartesian axes

     q = (    0.000000000  -0.500000000  -1.000000000 ) 

    1    1
  0.27279561   0.00000000     0.00000000   0.00000000    -0.00000000   0.01717379
  0.00000000   0.00000000     0.23559611   0.00000000     0.00000000   0.00000000
 -0.00000000  -0.01717379     0.00000000   0.00000000     0.27279561   0.00000000
    1    2
  0.00000000   0.00000000     0.08264812  -0.08264812    -0.00000000   0.00000000
  0.08264812  -0.08264812    -0.00000000   0.00000000    -0.08264812  -0.08264812
  0.00000000   0.00000000    -0.08264812  -0.08264812     0.00000000   0.00000000
    2    1
 -0.00000000  -0.00000000     0.08264812   0.08264812     0.00000000  -0.00000000
  0.08264812   0.08264812    -0.00000000  -0.00000000    -0.08264812   0.08264812
 -0.00000000  -0.00000000    -0.08264812   0.08264812     0.00000000  -0.00000000
    2    2
  0.27279561   0.00000000     0.00000000   0.00000000    -0.00000000  -0.01717379
  0.00000000   0.00000000     0.23559611   0.00000000    -0.00000000   0.00000000
 -0.00000000   0.01717379    -0.00000000   0.00000000     0.27279561   0.00000000

     Diagonalizing the dynamical matrix

     q = (   -0.500000000  -1.000000000   0.000000000 ) 

 **************************************************************************
     freq (    1) =       6.346599 [THz] =     211.699760 [cm-1]
 (  0.346551  0.346551  0.253068 -0.242538  0.242538  0.253068 ) 
 ( -0.583778 -0.012404  0.000000 -0.294209 -0.294209  0.000000 ) 
     freq (    2) =       6.346599 [THz] =     211.699760 [cm-1]
 (  0.412886  0.412886 -0.212410  0.203571 -0.203571 -0.212410 ) 
 (  0.489987  0.010411  0.000000 -0.350525 -0.350525  0.000000 ) 
     freq (    3) =      10.396131 [THz] =     346.777592 [cm-1]
 ( -0.000000 -0.000000  0.345753  0.346868  0.346868 -0.345753 ) 
 ( -0.000000 -0.000000  0.000000 -0.510036  0.510036  0.000000 ) 
     freq (    4) =      10.396131 [THz] =     346.777592 [cm-1]
 (  0.000000 -0.000000  0.360069  0.361230  0.361230 -0.360069 ) 
 ( -0.000000 -0.000000 -0.000000  0.489758 -0.489758  0.000000 ) 
     freq (    5) =      13.488335 [THz] =     449.922423 [cm-1]
 (  0.457632  0.457632  0.000000  0.000000 -0.000000  0.000000 ) 
 ( -0.000000  0.000000 -0.000000  0.539048  0.539048  0.000000 ) 
     freq (    6) =      13.488335 [THz] =     449.922423 [cm-1]
 ( -0.000000 -0.000000  0.135146  0.521832 -0.521832  0.135146 ) 
 ( -0.328282  0.557750  0.000000 -0.000000 -0.000000  0.000000 ) 
 **************************************************************************
