Dynamical matrix file
phonons on a grid                                                          
  2    3   0   1.0000000   0.0000000   0.0000000   0.0000000   0.0000000   0.0000000
Basis vectors
      6.018846169   -0.000000000    0.000000000
     -3.009423085    5.212473684    0.000000000
      0.000000000    0.000000000   20.000000000
           1  'S      '    29230.016876494614     
           2  'Mo     '    87453.075126275595     
    1    2     -0.0000000006      3.4749824562      0.0000000000
    2    1      3.0094230846      1.7374912278      2.9548775440
    3    1      3.0094230846      1.7374912278     -2.9548775440

     Dynamical  Matrix in cartesian axes

     q = (    0.000000000   0.000000000   0.000000000 ) 

    1    1
  0.40120004   0.00000000     0.00000000   0.00000000     0.00000000   0.00000000
  0.00000000   0.00000000     0.40120004   0.00000000     0.00000000   0.00000000
  0.00000000   0.00000000     0.00000000   0.00000000     0.61532143   0.00000000
    1    2
 -0.20066629   0.00000000    -0.00000000   0.00000000     0.00000000   0.00000000
 -0.00000000   0.00000000    -0.20066629   0.00000000     0.00000000   0.00000000
  0.00000000   0.00000000     0.00000000   0.00000000    -0.30770787   0.00000000
    1    3
 -0.20066629   0.00000000    -0.00000000   0.00000000     0.00000000   0.00000000
 -0.00000000   0.00000000    -0.20066629   0.00000000     0.00000000   0.00000000
  0.00000000   0.00000000     0.00000000   0.00000000    -0.30770787   0.00000000
    2    1
 -0.20066629   0.00000000    -0.00000000   0.00000000     0.00000000   0.00000000
 -0.00000000   0.00000000    -0.20066629   0.00000000     0.00000000   0.00000000
  0.00000000   0.00000000     0.00000000   0.00000000    -0.30770787   0.00000000
    2    2
  0.19269753   0.00000000     0.00000000   0.00000000     0.00000000   0.00000000
  0.00000000   0.00000000     0.19269753   0.00000000     0.00000000   0.00000000
  0.00000000   0.00000000     0.00000000   0.00000000     0.42355738   0.00000000
    2    3
  0.00799088   0.00000000     0.00000000   0.00000000    -0.00000000   0.00000000
  0.00000000   0.00000000     0.00799088   0.00000000    -0.00000000   0.00000000
  0.00000000   0.00000000     0.00000000   0.00000000    -0.11596477   0.00000000
    3    1
 -0.20066629   0.00000000    -0.00000000   0.00000000     0.00000000   0.00000000
 -0.00000000   0.00000000    -0.20066629   0.00000000     0.00000000   0.00000000
  0.00000000   0.00000000     0.00000000   0.00000000    -0.30770787   0.00000000
    3    2
  0.00799088   0.00000000     0.00000000   0.00000000     0.00000000   0.00000000
  0.00000000   0.00000000     0.00799088   0.00000000    -0.00000000   0.00000000
 -0.00000000   0.00000000    -0.00000000   0.00000000    -0.11596477   0.00000000
    3    3
  0.19269753   0.00000000     0.00000000   0.00000000     0.00000000   0.00000000
  0.00000000   0.00000000     0.19269753   0.00000000     0.00000000   0.00000000
  0.00000000   0.00000000     0.00000000   0.00000000     0.42355738   0.00000000

     Dielectric Tensor:

          9.510481164020          0.000000000816          0.000000000000
          0.000000000816          9.510481163448          0.000000000000
          0.000000000000          0.000000000000          1.454266982555

     Effective Charges E-U: Z_{alpha}{s,beta}

     atom #    1
         -0.901384293539         -0.000000001429          0.000000000000
         -0.000000001429         -0.901384292536          0.000000000000
          0.000000000000          0.000000000000         -0.066101039065
     atom #    2
          0.439497008319         -0.000000000533          0.000000000000
         -0.000000000533          0.439497008693          0.000000000000
          0.000000000000          0.000000000000          0.031331746554
     atom #    3
          0.439497008319         -0.000000000533          0.000000000000
         -0.000000000533          0.439497008693          0.000000000000
          0.000000000000          0.000000000000          0.031331746554

     Effective Charges U-E: Z_{s,alpha}{beta}

     atom #    1
     -0.901965177834E+00     -0.142945744130E-08      0.469100402010E-23
     -0.142945211223E-08     -0.901965176831E+00     -0.270835243323E-23
      0.000000000000E+00      0.270835243368E-23     -0.661893613770E-01
     atom #    2
      0.439595323515E+00     -0.533375121847E-09      0.000000000000E+00
     -0.533376454115E-09      0.439595323889E+00     -0.283991336150E-17
      0.000000000000E+00      0.000000000000E+00      0.312391768318E-01
     atom #    3
      0.439595323515E+00     -0.533374233669E-09      0.000000000000E+00
     -0.533374677758E-09      0.439595323889E+00      0.283991336150E-17
      0.000000000000E+00      0.000000000000E+00      0.312391768318E-01

     Diagonalizing the dynamical matrix

     q = (    0.000000000   0.000000000   0.000000000 ) 

 **************************************************************************
     freq (    1) =      -0.155228 [THz] =      -5.177850 [cm-1]
 (  0.000000  0.000000  0.000000  0.000000  0.577287  0.000000 ) 
 (  0.000000  0.000000  0.000000  0.000000  0.577382  0.000000 ) 
 (  0.000000  0.000000  0.000000  0.000000  0.577382  0.000000 ) 
     freq (    2) =      -0.080942 [THz] =      -2.699933 [cm-1]
 (  0.466378  0.000000  0.340460  0.000000 -0.000000  0.000000 ) 
 (  0.466285  0.000000  0.340393  0.000000 -0.000000  0.000000 ) 
 (  0.466285  0.000000  0.340393  0.000000 -0.000000  0.000000 ) 
     freq (    3) =      -0.080942 [THz] =      -2.699933 [cm-1]
 ( -0.340460  0.000000  0.466378  0.000000  0.000000 -0.000000 ) 
 ( -0.340393  0.000000  0.466285  0.000000  0.000000 -0.000000 ) 
 ( -0.340393  0.000000  0.466285  0.000000  0.000000 -0.000000 ) 
     freq (    4) =       8.269929 [THz] =     275.855130 [cm-1]
 (  0.000000  0.000000 -0.000000  0.000000 -0.000000  0.000000 ) 
 (  0.408980  0.000000 -0.576832  0.000000  0.000000  0.000000 ) 
 ( -0.408980  0.000000  0.576832  0.000000  0.000000  0.000000 ) 
     freq (    5) =       8.269929 [THz] =     275.855130 [cm-1]
 ( -0.000000  0.000000 -0.000000  0.000000 -0.000000  0.000000 ) 
 (  0.576832  0.000000  0.408980  0.000000  0.000000  0.000000 ) 
 ( -0.576832  0.000000 -0.408980  0.000000  0.000000  0.000000 ) 
     freq (    6) =      11.134082 [THz] =     371.392996 [cm-1]
 ( -0.247129  0.000000  0.348558  0.000000 -0.000000  0.000000 ) 
 (  0.369766  0.000000 -0.521527  0.000000  0.000000  0.000000 ) 
 (  0.369766  0.000000 -0.521527  0.000000 -0.000000  0.000000 ) 
     freq (    7) =      11.134082 [THz] =     371.392996 [cm-1]
 (  0.348558  0.000000  0.247129  0.000000 -0.000000  0.000000 ) 
 ( -0.521527  0.000000 -0.369766  0.000000  0.000000  0.000000 ) 
 ( -0.521527  0.000000 -0.369766  0.000000  0.000000  0.000000 ) 
     freq (    8) =      13.786526 [THz] =     459.869020 [cm-1]
 ( -0.000000  0.000000 -0.000000  0.000000 -0.427403  0.000000 ) 
 (  0.000000  0.000000  0.000000  0.000000  0.639268  0.000000 ) 
 (  0.000000  0.000000  0.000000  0.000000  0.639268  0.000000 ) 
     freq (    9) =      14.134002 [THz] =     471.459551 [cm-1]
 (  0.000000  0.000000  0.000000  0.000000 -0.000000  0.000000 ) 
 ( -0.000000  0.000000  0.000000  0.000000 -0.707107  0.000000 ) 
 ( -0.000000  0.000000 -0.000000  0.000000  0.707107  0.000000 ) 
 **************************************************************************
