Dynamical matrix file
phonons on a grid                                                          
  2    3   0   1.0000000   0.0000000   0.0000000   0.0000000   0.0000000   0.0000000
Basis vectors
      6.018846169   -0.000000000    0.000000000
     -3.009423085    5.212473684    0.000000000
      0.000000000    0.000000000   20.000000000
           1  'S      '    29230.016876494614     
           2  'Mo     '    87453.075126275595     
    1    2     -0.0000000006      3.4749824562      0.0000000000
    2    1      3.0094230846      1.7374912278      2.9548775440
    3    1      3.0094230846      1.7374912278     -2.9548775440

     Dynamical  Matrix in cartesian axes

     q = (    0.000000000   0.063949164   0.000000000 ) 

    1    1
  0.47758738   0.00000000     0.00000000   0.00000000     0.00000000   0.00000000
  0.00000000   0.00000000     0.53624153   0.00000000     0.00000000   0.00000000
  0.00000000   0.00000000     0.00000000   0.00000000     0.54604860   0.00000000
    1    2
 -0.15808245  -0.03692928    -0.00000000  -0.00000000     0.00000000   0.00000000
 -0.00000000  -0.00000000    -0.05152728  -0.07101858     0.10195530  -0.06080241
  0.00000000   0.00000000     0.10794835  -0.06852584    -0.13216439  -0.07706095
    1    3
 -0.15808245  -0.03692928    -0.00000000  -0.00000000     0.00000000   0.00000000
 -0.00000000  -0.00000000    -0.05152728  -0.07101858    -0.10195530   0.06080241
  0.00000000   0.00000000    -0.10794835   0.06852584    -0.13216439  -0.07706095
    2    1
 -0.15808245   0.03692928    -0.00000000   0.00000000     0.00000000   0.00000000
 -0.00000000   0.00000000    -0.05152728   0.07101858     0.10794835   0.06852584
  0.00000000   0.00000000     0.10195530   0.06080241    -0.13216439   0.07706095
    2    2
  0.20074248   0.00000000     0.00000000   0.00000000     0.00000000   0.00000000
  0.00000000   0.00000000     0.24987845   0.00000000    -0.00192381   0.00486388
  0.00000000   0.00000000    -0.00192381  -0.00486388     0.37773396   0.00000000
    2    3
 -0.00499727   0.00000000    -0.00000000   0.00000000     0.00000000   0.00000000
 -0.00000000   0.00000000     0.01760908   0.00000000     0.00828555   0.01000291
  0.00000000   0.00000000    -0.00828555   0.01000291    -0.03872495   0.00000000
    3    1
 -0.15808245   0.03692928    -0.00000000   0.00000000     0.00000000   0.00000000
 -0.00000000   0.00000000    -0.05152728   0.07101858    -0.10794835  -0.06852584
  0.00000000   0.00000000    -0.10195530  -0.06080241    -0.13216439   0.07706095
    3    2
 -0.00499727   0.00000000    -0.00000000   0.00000000     0.00000000   0.00000000
 -0.00000000   0.00000000     0.01760908   0.00000000    -0.00828555  -0.01000291
  0.00000000   0.00000000     0.00828555  -0.01000291    -0.03872495   0.00000000
    3    3
  0.20074248   0.00000000     0.00000000   0.00000000     0.00000000   0.00000000
  0.00000000   0.00000000     0.24987845   0.00000000     0.00192381  -0.00486388
  0.00000000   0.00000000     0.00192381   0.00486388     0.37773396   0.00000000

     Dynamical  Matrix in cartesian axes

     q = (   -0.000000000  -0.063949164  -0.000000000 ) 

    1    1
  0.47758738  -0.00000000     0.00000000  -0.00000000     0.00000000  -0.00000000
  0.00000000  -0.00000000     0.53624153  -0.00000000     0.00000000  -0.00000000
  0.00000000  -0.00000000     0.00000000  -0.00000000     0.54604860  -0.00000000
    1    2
 -0.15808245   0.03692928    -0.00000000   0.00000000     0.00000000  -0.00000000
 -0.00000000   0.00000000    -0.05152728   0.07101858     0.10195530   0.06080241
  0.00000000  -0.00000000     0.10794835   0.06852584    -0.13216439   0.07706095
    1    3
 -0.15808245   0.03692928    -0.00000000   0.00000000     0.00000000  -0.00000000
 -0.00000000   0.00000000    -0.05152728   0.07101858    -0.10195530  -0.06080241
  0.00000000  -0.00000000    -0.10794835  -0.06852584    -0.13216439   0.07706095
    2    1
 -0.15808245  -0.03692928    -0.00000000  -0.00000000     0.00000000  -0.00000000
 -0.00000000  -0.00000000    -0.05152728  -0.07101858     0.10794835  -0.06852584
  0.00000000  -0.00000000     0.10195530  -0.06080241    -0.13216439  -0.07706095
    2    2
  0.20074248  -0.00000000     0.00000000  -0.00000000     0.00000000  -0.00000000
  0.00000000  -0.00000000     0.24987845  -0.00000000    -0.00192381  -0.00486388
  0.00000000  -0.00000000    -0.00192381   0.00486388     0.37773396  -0.00000000
    2    3
 -0.00499727  -0.00000000    -0.00000000  -0.00000000     0.00000000  -0.00000000
 -0.00000000  -0.00000000     0.01760908  -0.00000000     0.00828555  -0.01000291
  0.00000000  -0.00000000    -0.00828555  -0.01000291    -0.03872495  -0.00000000
    3    1
 -0.15808245  -0.03692928    -0.00000000  -0.00000000     0.00000000  -0.00000000
 -0.00000000  -0.00000000    -0.05152728  -0.07101858    -0.10794835   0.06852584
  0.00000000  -0.00000000    -0.10195530   0.06080241    -0.13216439  -0.07706095
    3    2
 -0.00499727  -0.00000000    -0.00000000  -0.00000000     0.00000000  -0.00000000
 -0.00000000  -0.00000000     0.01760908  -0.00000000    -0.00828555   0.01000291
  0.00000000  -0.00000000     0.00828555   0.01000291    -0.03872495  -0.00000000
    3    3
  0.20074248  -0.00000000     0.00000000  -0.00000000     0.00000000  -0.00000000
  0.00000000  -0.00000000     0.24987845  -0.00000000     0.00192381   0.00486388
  0.00000000  -0.00000000     0.00192381  -0.00486388     0.37773396  -0.00000000

     Dynamical  Matrix in cartesian axes

     q = (    0.055381600  -0.031974582   0.000000000 ) 

    1    1
  0.52157799   0.00000000    -0.02539799   0.00000000     0.00000000   0.00000000
 -0.02539799   0.00000000     0.49225092   0.00000000     0.00000000   0.00000000
  0.00000000   0.00000000     0.00000000   0.00000000     0.54604860   0.00000000
    1    2
 -0.01504031   0.09894193     0.03585336   0.03257764    -0.08974975  -0.05013826
  0.03585336   0.03257764     0.02635958   0.13655935     0.05181704   0.02894734
 -0.09813738  -0.05128870     0.05665965   0.02961155    -0.00065455   0.15298819
    1    3
 -0.01504031   0.09894193     0.03585336   0.03257764     0.08974975   0.05013826
  0.03585336   0.03257764     0.02635958   0.13655935    -0.05181704  -0.02894734
  0.09813738   0.05128870    -0.05665965  -0.02961155    -0.00065455   0.15298819
    2    1
 -0.01504031  -0.09894193     0.03585336  -0.03257764    -0.09813738   0.05128870
  0.03585336  -0.03257764     0.02635958  -0.13655935     0.05665965  -0.02961155
 -0.08974975   0.05013826     0.05181704  -0.02894734    -0.00065455  -0.15298819
    2    2
  0.23759446   0.00000000    -0.02127650   0.00000000    -0.00166606   0.00421225
 -0.02127650   0.00000000     0.21302647   0.00000000     0.00096190  -0.00243194
 -0.00166606  -0.00421225     0.00096190   0.00243194     0.37773396   0.00000000
    2    3
  0.01195749   0.00000000    -0.00978884   0.00000000     0.00717550   0.00866278
 -0.00978884   0.00000000     0.00065432   0.00000000    -0.00414278  -0.00500146
 -0.00717550   0.00866278     0.00414278  -0.00500146    -0.03872495   0.00000000
    3    1
 -0.01504031  -0.09894193     0.03585336  -0.03257764     0.09813738  -0.05128870
  0.03585336  -0.03257764     0.02635958  -0.13655935    -0.05665965   0.02961155
  0.08974975  -0.05013826    -0.05181704   0.02894734    -0.00065455  -0.15298819
    3    2
  0.01195749   0.00000000    -0.00978884   0.00000000    -0.00717550  -0.00866278
 -0.00978884   0.00000000     0.00065432   0.00000000     0.00414278   0.00500146
  0.00717550  -0.00866278    -0.00414278   0.00500146    -0.03872495   0.00000000
    3    3
  0.23759446   0.00000000    -0.02127650   0.00000000     0.00166606  -0.00421225
 -0.02127650   0.00000000     0.21302647   0.00000000    -0.00096190   0.00243194
  0.00166606   0.00421225    -0.00096190  -0.00243194     0.37773396   0.00000000

     Dynamical  Matrix in cartesian axes

     q = (   -0.055381600   0.031974582  -0.000000000 ) 

    1    1
  0.52157799  -0.00000000    -0.02539799  -0.00000000     0.00000000  -0.00000000
 -0.02539799  -0.00000000     0.49225092  -0.00000000     0.00000000  -0.00000000
  0.00000000  -0.00000000     0.00000000  -0.00000000     0.54604860  -0.00000000
    1    2
 -0.01504031  -0.09894193     0.03585336  -0.03257764    -0.08974975   0.05013826
  0.03585336  -0.03257764     0.02635958  -0.13655935     0.05181704  -0.02894734
 -0.09813738   0.05128870     0.05665965  -0.02961155    -0.00065455  -0.15298819
    1    3
 -0.01504031  -0.09894193     0.03585336  -0.03257764     0.08974975  -0.05013826
  0.03585336  -0.03257764     0.02635958  -0.13655935    -0.05181704   0.02894734
  0.09813738  -0.05128870    -0.05665965   0.02961155    -0.00065455  -0.15298819
    2    1
 -0.01504031   0.09894193     0.03585336   0.03257764    -0.09813738  -0.05128870
  0.03585336   0.03257764     0.02635958   0.13655935     0.05665965   0.02961155
 -0.08974975  -0.05013826     0.05181704   0.02894734    -0.00065455   0.15298819
    2    2
  0.23759446  -0.00000000    -0.02127650  -0.00000000    -0.00166606  -0.00421225
 -0.02127650  -0.00000000     0.21302647  -0.00000000     0.00096190   0.00243194
 -0.00166606   0.00421225     0.00096190  -0.00243194     0.37773396  -0.00000000
    2    3
  0.01195749  -0.00000000    -0.00978884  -0.00000000     0.00717550  -0.00866278
 -0.00978884  -0.00000000     0.00065432  -0.00000000    -0.00414278   0.00500146
 -0.00717550  -0.00866278     0.00414278   0.00500146    -0.03872495  -0.00000000
    3    1
 -0.01504031   0.09894193     0.03585336   0.03257764     0.09813738   0.05128870
  0.03585336   0.03257764     0.02635958   0.13655935    -0.05665965  -0.02961155
  0.08974975   0.05013826    -0.05181704  -0.02894734    -0.00065455   0.15298819
    3    2
  0.01195749  -0.00000000    -0.00978884  -0.00000000    -0.00717550   0.00866278
 -0.00978884  -0.00000000     0.00065432  -0.00000000     0.00414278  -0.00500146
  0.00717550   0.00866278    -0.00414278  -0.00500146    -0.03872495  -0.00000000
    3    3
  0.23759446  -0.00000000    -0.02127650  -0.00000000     0.00166606   0.00421225
 -0.02127650  -0.00000000     0.21302647  -0.00000000    -0.00096190  -0.00243194
  0.00166606  -0.00421225    -0.00096190   0.00243194     0.37773396  -0.00000000

     Dynamical  Matrix in cartesian axes

     q = (   -0.055381600  -0.031974582   0.000000000 ) 

    1    1
  0.52157799   0.00000000     0.02539799   0.00000000     0.00000000   0.00000000
  0.02539799   0.00000000     0.49225092   0.00000000     0.00000000   0.00000000
  0.00000000   0.00000000     0.00000000   0.00000000     0.54604860   0.00000000
    1    2
 -0.07816607  -0.06249625     0.04613974  -0.01476110    -0.08829588   0.05265643
  0.04613974  -0.01476110    -0.13144366  -0.04545161    -0.05097765   0.03040121
 -0.09348601   0.05934512    -0.05397417   0.03426292    -0.13216439  -0.07706095
    1    3
 -0.07816607  -0.06249625     0.04613974  -0.01476110     0.08829588  -0.05265643
  0.04613974  -0.01476110    -0.13144366  -0.04545161     0.05097765  -0.03040121
  0.09348601  -0.05934512     0.05397417  -0.03426292    -0.13216439  -0.07706095
    2    1
 -0.07816607   0.06249625     0.04613974   0.01476110    -0.09348601  -0.05934512
  0.04613974   0.01476110    -0.13144366   0.04545161    -0.05397417  -0.03426292
 -0.08829588  -0.05265643    -0.05097765  -0.03040121    -0.13216439   0.07706095
    2    2
  0.23759446   0.00000000     0.02127650   0.00000000     0.00166606  -0.00421225
  0.02127650   0.00000000     0.21302647   0.00000000     0.00096190  -0.00243194
  0.00166606   0.00421225     0.00096190   0.00243194     0.37773396   0.00000000
    2    3
  0.01195749   0.00000000     0.00978884   0.00000000    -0.00717550  -0.00866278
  0.00978884   0.00000000     0.00065432   0.00000000    -0.00414278  -0.00500146
  0.00717550  -0.00866278     0.00414278  -0.00500146    -0.03872495   0.00000000
    3    1
 -0.07816607   0.06249625     0.04613974   0.01476110     0.09348601   0.05934512
  0.04613974   0.01476110    -0.13144366   0.04545161     0.05397417   0.03426292
  0.08829588   0.05265643     0.05097765   0.03040121    -0.13216439   0.07706095
    3    2
  0.01195749   0.00000000     0.00978884   0.00000000     0.00717550   0.00866278
  0.00978884   0.00000000     0.00065432   0.00000000     0.00414278   0.00500146
 -0.00717550   0.00866278    -0.00414278   0.00500146    -0.03872495   0.00000000
    3    3
  0.23759446   0.00000000     0.02127650   0.00000000    -0.00166606   0.00421225
  0.02127650   0.00000000     0.21302647   0.00000000    -0.00096190   0.00243194
 -0.00166606  -0.00421225    -0.00096190  -0.00243194     0.37773396   0.00000000

     Dynamical  Matrix in cartesian axes

     q = (    0.055381600   0.031974582  -0.000000000 ) 

    1    1
  0.52157799  -0.00000000     0.02539799  -0.00000000     0.00000000  -0.00000000
  0.02539799  -0.00000000     0.49225092  -0.00000000     0.00000000  -0.00000000
  0.00000000  -0.00000000     0.00000000  -0.00000000     0.54604860  -0.00000000
    1    2
 -0.07816607   0.06249625     0.04613974   0.01476110    -0.08829588  -0.05265643
  0.04613974   0.01476110    -0.13144366   0.04545161    -0.05097765  -0.03040121
 -0.09348601  -0.05934512    -0.05397417  -0.03426292    -0.13216439   0.07706095
    1    3
 -0.07816607   0.06249625     0.04613974   0.01476110     0.08829588   0.05265643
  0.04613974   0.01476110    -0.13144366   0.04545161     0.05097765   0.03040121
  0.09348601   0.05934512     0.05397417   0.03426292    -0.13216439   0.07706095
    2    1
 -0.07816607  -0.06249625     0.04613974  -0.01476110    -0.09348601   0.05934512
  0.04613974  -0.01476110    -0.13144366  -0.04545161    -0.05397417   0.03426292
 -0.08829588   0.05265643    -0.05097765   0.03040121    -0.13216439  -0.07706095
    2    2
  0.23759446  -0.00000000     0.02127650  -0.00000000     0.00166606   0.00421225
  0.02127650  -0.00000000     0.21302647  -0.00000000     0.00096190   0.00243194
  0.00166606  -0.00421225     0.00096190  -0.00243194     0.37773396  -0.00000000
    2    3
  0.01195749  -0.00000000     0.00978884  -0.00000000    -0.00717550   0.00866278
  0.00978884  -0.00000000     0.00065432  -0.00000000    -0.00414278   0.00500146
  0.00717550   0.00866278     0.00414278   0.00500146    -0.03872495  -0.00000000
    3    1
 -0.07816607  -0.06249625     0.04613974  -0.01476110     0.09348601  -0.05934512
  0.04613974  -0.01476110    -0.13144366  -0.04545161     0.05397417  -0.03426292
  0.08829588  -0.05265643     0.05097765  -0.03040121    -0.13216439  -0.07706095
    3    2
  0.01195749  -0.00000000     0.00978884  -0.00000000     0.00717550  -0.00866278
  0.00978884  -0.00000000     0.00065432  -0.00000000     0.00414278  -0.00500146
 -0.00717550  -0.00866278    -0.00414278  -0.00500146    -0.03872495  -0.00000000
    3    3
  0.23759446  -0.00000000     0.02127650  -0.00000000    -0.00166606  -0.00421225
  0.02127650  -0.00000000     0.21302647  -0.00000000    -0.00096190  -0.00243194
 -0.00166606   0.00421225    -0.00096190   0.00243194     0.37773396  -0.00000000

     Diagonalizing the dynamical matrix

     q = (    0.000000000   0.063949164   0.000000000 ) 

 **************************************************************************
     freq (    1) =       4.024152 [THz] =     134.231262 [cm-1]
 ( -0.398707  0.381859  0.000000 -0.000000 -0.000000  0.000000 ) 
 ( -0.321865  0.493974  0.000000 -0.000000 -0.000000  0.000000 ) 
 ( -0.321865  0.493974  0.000000 -0.000000  0.000000  0.000000 ) 
     freq (    2) =       4.556263 [THz] =     151.980590 [cm-1]
 (  0.000000 -0.000000  0.000000 -0.000000 -0.505813 -0.298455 ) 
 ( -0.000000 -0.000000  0.206216  0.408550 -0.343657 -0.000000 ) 
 (  0.000000  0.000000 -0.206216 -0.408550 -0.343657  0.000000 ) 
     freq (    3) =       6.477999 [THz] =     216.082803 [cm-1]
 ( -0.000000 -0.000000  0.588552 -0.392077  0.000000  0.000000 ) 
 (  0.000000 -0.000000 -0.002688 -0.411659 -0.283673 -0.000000 ) 
 (  0.000000 -0.000000 -0.002688 -0.411659  0.283673  0.000000 ) 
     freq (    4) =       8.728098 [THz] =     291.138008 [cm-1]
 (  0.000000 -0.000000 -0.000000  0.000000  0.000000  0.000000 ) 
 ( -0.326188 -0.627376  0.000000  0.000000  0.000000 -0.000000 ) 
 (  0.326188  0.627376 -0.000000 -0.000000  0.000000  0.000000 ) 
     freq (    5) =      10.193867 [THz] =     340.030795 [cm-1]
 (  0.000000  0.000000  0.000000  0.000000  0.166701  0.090994 ) 
 (  0.000000  0.000000  0.286334  0.540242  0.328811 -0.000000 ) 
 ( -0.000000 -0.000000 -0.286334 -0.540242  0.328811  0.000000 ) 
     freq (    6) =      10.465071 [THz] =     349.077180 [cm-1]
 ( -0.000000  0.000000  0.205538 -0.049282 -0.000000  0.000000 ) 
 (  0.000000 -0.000000 -0.183268  0.639691 -0.186736  0.000000 ) 
 (  0.000000 -0.000000 -0.183268  0.639691  0.186736  0.000000 ) 
     freq (    7) =      10.742006 [THz] =     358.314736 [cm-1]
 ( -0.314530  0.322714 -0.000000  0.000000  0.000000 -0.000000 ) 
 (  0.326200 -0.540423  0.000000 -0.000000  0.000000 -0.000000 ) 
 (  0.326200 -0.540423  0.000000 -0.000000 -0.000000  0.000000 ) 
     freq (    8) =      12.427073 [THz] =     414.522536 [cm-1]
 ( -0.000000  0.000000 -0.000000  0.000000 -0.298874 -0.171969 ) 
 ( -0.000000 -0.000000 -0.088847 -0.159944  0.638024 -0.000000 ) 
 (  0.000000  0.000000  0.088847  0.159944  0.638024  0.000000 ) 
     freq (    9) =      12.966439 [THz] =     432.513864 [cm-1]
 ( -0.000000  0.000000 -0.190045  0.102578  0.000000  0.000000 ) 
 (  0.000000 -0.000000  0.050849 -0.081836 -0.683665  0.000000 ) 
 (  0.000000 -0.000000  0.050849 -0.081836  0.683665  0.000000 ) 
 **************************************************************************
