Dynamical matrix file
phonons on a grid                                                          
  2    3   0   1.0000000   0.0000000   0.0000000   0.0000000   0.0000000   0.0000000
Basis vectors
      6.018846169   -0.000000000    0.000000000
     -3.009423085    5.212473684    0.000000000
      0.000000000    0.000000000   20.000000000
           1  'S      '    29230.016876494614     
           2  'Mo     '    87453.075126275595     
    1    2     -0.0000000006      3.4749824562      0.0000000000
    2    1      3.0094230846      1.7374912278      2.9548775440
    3    1      3.0094230846      1.7374912278     -2.9548775440

     Dynamical  Matrix in cartesian axes

     q = (    0.055381600   0.095923746   0.000000000 ) 

    1    1
  0.53301105   0.00000000     0.00000000   0.10768401     0.00000000   0.00000000
  0.00000000  -0.10768401     0.53301105   0.00000000     0.00000000   0.00000000
  0.00000000   0.00000000     0.00000000   0.00000000     0.50478945   0.00000000
    1    2
 -0.02982709   0.05166204     0.05166204   0.02982709    -0.08648158  -0.04993017
  0.05166204   0.02982709     0.02982709  -0.05166204     0.04993017  -0.08648158
 -0.08801877  -0.05081766     0.05081766  -0.08801877    -0.00000000   0.00000000
    1    3
 -0.02982709   0.05166204     0.05166204   0.02982709     0.08648158   0.04993017
  0.05166204   0.02982709     0.02982709  -0.05166204    -0.04993017   0.08648158
  0.08801877   0.05081766    -0.05081766   0.08801877    -0.00000000   0.00000000
    2    1
 -0.02982709  -0.05166204     0.05166204  -0.02982709    -0.08801877   0.05081766
  0.05166204  -0.02982709     0.02982709   0.05166204     0.05081766   0.08801877
 -0.08648158   0.04993017     0.04993017   0.08648158    -0.00000000  -0.00000000
    2    2
  0.24659500   0.00000000     0.00000000  -0.00225001     0.00000000   0.00000000
  0.00000000   0.00225001     0.24659500  -0.00000000     0.00000000   0.00000000
  0.00000000   0.00000000     0.00000000   0.00000000     0.35191313   0.00000000
    2    3
  0.00264367   0.00000000     0.00000000   0.01307124     0.00000000   0.00000000
  0.00000000  -0.01307124     0.00264367   0.00000000     0.00000000   0.00000000
  0.00000000   0.00000000     0.00000000   0.00000000    -0.03014996   0.00000000
    3    1
 -0.02982709  -0.05166204     0.05166204  -0.02982709     0.08801877  -0.05081766
  0.05166204  -0.02982709     0.02982709   0.05166204    -0.05081766  -0.08801877
  0.08648158  -0.04993017    -0.04993017  -0.08648158    -0.00000000  -0.00000000
    3    2
  0.00264367   0.00000000     0.00000000   0.01307124     0.00000000  -0.00000000
  0.00000000  -0.01307124     0.00264367   0.00000000     0.00000000   0.00000000
  0.00000000   0.00000000     0.00000000   0.00000000    -0.03014996   0.00000000
    3    3
  0.24659500   0.00000000     0.00000000  -0.00225001     0.00000000   0.00000000
  0.00000000   0.00225001     0.24659500  -0.00000000     0.00000000   0.00000000
  0.00000000   0.00000000     0.00000000   0.00000000     0.35191313   0.00000000

     Dynamical  Matrix in cartesian axes

     q = (   -0.055381600   0.095923746   0.000000000 ) 

    1    1
  0.53301105   0.00000000     0.00000000  -0.10768401     0.00000000   0.00000000
  0.00000000   0.10768401     0.53301105  -0.00000000     0.00000000   0.00000000
  0.00000000   0.00000000     0.00000000   0.00000000     0.50478945   0.00000000
    1    2
 -0.02982709  -0.05166204     0.05166204  -0.02982709    -0.08648158   0.04993017
  0.05166204  -0.02982709     0.02982709   0.05166204     0.04993017   0.08648158
 -0.08801877   0.05081766     0.05081766   0.08801877    -0.00000000  -0.00000000
    1    3
 -0.02982709  -0.05166204     0.05166204  -0.02982709     0.08648158  -0.04993017
  0.05166204  -0.02982709     0.02982709   0.05166204    -0.04993017  -0.08648158
  0.08801877  -0.05081766    -0.05081766  -0.08801877    -0.00000000  -0.00000000
    2    1
 -0.02982709   0.05166204     0.05166204   0.02982709    -0.08801877  -0.05081766
  0.05166204   0.02982709     0.02982709  -0.05166204     0.05081766  -0.08801877
 -0.08648158  -0.04993017     0.04993017  -0.08648158    -0.00000000   0.00000000
    2    2
  0.24659500   0.00000000     0.00000000   0.00225001     0.00000000   0.00000000
  0.00000000  -0.00225001     0.24659500   0.00000000     0.00000000   0.00000000
  0.00000000  -0.00000000     0.00000000  -0.00000000     0.35191313   0.00000000
    2    3
  0.00264367   0.00000000     0.00000000  -0.01307124     0.00000000   0.00000000
  0.00000000   0.01307124     0.00264367  -0.00000000     0.00000000   0.00000000
  0.00000000   0.00000000     0.00000000   0.00000000    -0.03014996   0.00000000
    3    1
 -0.02982709   0.05166204     0.05166204   0.02982709     0.08801877   0.05081766
  0.05166204   0.02982709     0.02982709  -0.05166204    -0.05081766   0.08801877
  0.08648158   0.04993017    -0.04993017   0.08648158    -0.00000000   0.00000000
    3    2
  0.00264367   0.00000000     0.00000000  -0.01307124     0.00000000   0.00000000
  0.00000000   0.01307124     0.00264367  -0.00000000     0.00000000   0.00000000
  0.00000000   0.00000000     0.00000000   0.00000000    -0.03014996   0.00000000
    3    3
  0.24659500   0.00000000     0.00000000   0.00225001     0.00000000   0.00000000
  0.00000000  -0.00225001     0.24659500   0.00000000     0.00000000   0.00000000
  0.00000000   0.00000000     0.00000000   0.00000000     0.35191313   0.00000000

     Diagonalizing the dynamical matrix

     q = (    0.055381600   0.095923746   0.000000000 ) 

 **************************************************************************
     freq (    1) =       5.353400 [THz] =     178.570202 [cm-1]
 ( -0.000000 -0.000000  0.000000 -0.000000 -0.084159 -0.590945 ) 
 ( -0.247556 -0.315660 -0.315660  0.247556 -0.000000  0.000000 ) 
 (  0.247556  0.315660  0.315660 -0.247556 -0.000000  0.000000 ) 
     freq (    2) =       5.950140 [THz] =     198.475318 [cm-1]
 ( -0.502327 -0.290018  0.290018 -0.502327  0.000000  0.000000 ) 
 ( -0.000000 -0.000000  0.000000 -0.000000 -0.404422 -0.000000 ) 
 ( -0.000000 -0.000000  0.000000 -0.000000  0.404422  0.000000 ) 
     freq (    3) =       6.883898 [THz] =     229.622110 [cm-1]
 (  0.209141 -0.325910 -0.325910 -0.209141 -0.000000  0.000000 ) 
 (  0.417895  0.019626 -0.019626  0.417895 -0.000000  0.000000 ) 
 (  0.417895  0.019626 -0.019626  0.417895  0.000000  0.000000 ) 
     freq (    4) =       9.798031 [THz] =     326.827122 [cm-1]
 (  0.000000  0.000000  0.000000 -0.000000  0.000000 -0.000000 ) 
 ( -0.500000 -0.000002  0.000002 -0.500000  0.000000  0.000000 ) 
 (  0.500000  0.000002 -0.000002  0.500000 -0.000000  0.000000 ) 
     freq (    5) =       9.812896 [THz] =     327.322980 [cm-1]
 (  0.000000 -0.000000 -0.000000 -0.000000  0.000000  0.000000 ) 
 (  0.000000  0.500000  0.500000 -0.000000  0.000000 -0.000000 ) 
 (  0.000000  0.500000  0.500000 -0.000000 -0.000000  0.000000 ) 
     freq (    6) =      10.884320 [THz] =     363.061850 [cm-1]
 ( -0.000000  0.000000  0.000000  0.000000  0.200761 -0.357251 ) 
 (  0.005299  0.456058  0.456058 -0.005299 -0.000000  0.000000 ) 
 ( -0.005299 -0.456058 -0.456058  0.005299 -0.000000  0.000000 ) 
     freq (    7) =      10.915124 [THz] =     364.089339 [cm-1]
 (  0.000000 -0.000000 -0.000000 -0.000000  0.000000 -0.000000 ) 
 ( -0.000000  0.000000  0.000000 -0.000000  0.707107  0.000000 ) 
 ( -0.000000 -0.000000 -0.000000 -0.000000  0.707107  0.000000 ) 
     freq (    8) =      10.962789 [THz] =     365.679265 [cm-1]
 ( -0.168385  0.273978  0.273978  0.168385 -0.000000  0.000000 ) 
 (  0.445131  0.012237 -0.012237  0.445131  0.000000  0.000000 ) 
 (  0.445131  0.012237 -0.012237  0.445131  0.000000  0.000000 ) 
     freq (    9) =      12.597657 [THz] =     420.212613 [cm-1]
 ( -0.138984 -0.080243  0.080243 -0.138984  0.000000  0.000000 ) 
 ( -0.000000  0.000000 -0.000000  0.000000  0.688654  0.000000 ) 
 ( -0.000000  0.000000 -0.000000 -0.000000 -0.688654  0.000000 ) 
 **************************************************************************
