Dynamical matrix file
phonons on a grid                                                          
  2    2   0   5.3669205   0.0000000   0.0000000   0.0000000   0.0000000   0.0000000
Basis vectors
      1.000000000    0.000000000    0.000000000
      0.000000000    1.000000000    0.000000000
      0.000000000    0.000000000    1.000000000
           1  'Fe1    '    50899.6037564029     
           2  'Fe2    '    50899.6037564029     
    1    1      0.0000000000      0.0000000000      0.0000000000
    2    2      0.5000000000      0.5000000000      0.5000000000

     Dynamical  Matrix in cartesian axes

     q = (    0.000000000   0.000000000   0.000000000 ) 

    1    1
  0.17866874   0.00000000     0.00000000   0.00000000     0.00000000   0.00000000
  0.00000000   0.00000000     0.17866874   0.00000000     0.00000000   0.00000000
  0.00000000   0.00000000     0.00000000   0.00000000     0.17866874   0.00000000
    1    2
 -0.17865462   0.00000000     0.00000000   0.00000000     0.00000000   0.00000000
  0.00000000   0.00000000    -0.17865462   0.00000000     0.00000000   0.00000000
  0.00000000   0.00000000     0.00000000   0.00000000    -0.17865462   0.00000000
    2    1
 -0.17865462   0.00000000     0.00000000   0.00000000     0.00000000   0.00000000
  0.00000000   0.00000000    -0.17865462   0.00000000     0.00000000   0.00000000
  0.00000000   0.00000000     0.00000000   0.00000000    -0.17865462   0.00000000
    2    2
  0.17866102   0.00000000     0.00000000   0.00000000     0.00000000   0.00000000
  0.00000000   0.00000000     0.17866102   0.00000000     0.00000000   0.00000000
  0.00000000   0.00000000     0.00000000   0.00000000     0.17866102   0.00000000

     Diagonalizing the dynamical matrix

     q = (    0.000000000   0.000000000   0.000000000 ) 

 **************************************************************************
     freq (    1) =       0.046697 [THz] =       1.557647 [cm-1]
 (  0.000000  0.000000  0.000000  0.000000 -0.707099  0.000000 ) 
 (  0.000000  0.000000  0.000000  0.000000 -0.707114  0.000000 ) 
     freq (    2) =       0.046697 [THz] =       1.557647 [cm-1]
 (  0.000000  0.000000 -0.707099  0.000000  0.000000  0.000000 ) 
 (  0.000000  0.000000 -0.707114  0.000000  0.000000  0.000000 ) 
     freq (    3) =       0.046697 [THz] =       1.557647 [cm-1]
 ( -0.707099  0.000000  0.000000  0.000000  0.000000  0.000000 ) 
 ( -0.707114  0.000000  0.000000  0.000000  0.000000  0.000000 ) 
     freq (    4) =       8.716581 [THz] =     290.753861 [cm-1]
 (  0.000000  0.000000  0.000000  0.000000 -0.707114  0.000000 ) 
 (  0.000000  0.000000  0.000000  0.000000  0.707099  0.000000 ) 
     freq (    5) =       8.716581 [THz] =     290.753861 [cm-1]
 ( -0.707114  0.000000  0.000000  0.000000  0.000000  0.000000 ) 
 (  0.707099  0.000000  0.000000  0.000000  0.000000  0.000000 ) 
     freq (    6) =       8.716581 [THz] =     290.753861 [cm-1]
 (  0.000000  0.000000  0.707114  0.000000  0.000000  0.000000 ) 
 (  0.000000  0.000000 -0.707099  0.000000  0.000000  0.000000 ) 
 **************************************************************************
