Dynamical matrix file
phonons on a grid                                                          
  2    2   0   5.3669205   0.0000000   0.0000000   0.0000000   0.0000000   0.0000000
Basis vectors
      1.000000000    0.000000000    0.000000000
      0.000000000    1.000000000    0.000000000
      0.000000000    0.000000000    1.000000000
           1  'Fe1    '    50899.6037564029     
           2  'Fe2    '    50899.6037564029     
    1    1      0.0000000000      0.0000000000      0.0000000000
    2    2      0.5000000000      0.5000000000      0.5000000000

     Dynamical  Matrix in cartesian axes

     q = (    0.000000000   0.000000000  -0.500000000 ) 

    1    1
  0.15325896   0.00000000     0.00000000   0.00000000     0.00000000   0.00000000
  0.00000000   0.00000000     0.15325896   0.00000000     0.00000000   0.00000000
  0.00000000   0.00000000     0.00000000   0.00000000     0.24447329   0.00000000
    1    2
  0.00000000   0.00000000    -0.00000000   0.00000000     0.00000000   0.00000000
  0.00000000   0.00000000     0.00000000   0.00000000     0.00000000   0.00000000
  0.00000000   0.00000000     0.00000000   0.00000000     0.00000000  -0.00000000
    2    1
  0.00000000  -0.00000000     0.00000000   0.00000000     0.00000000   0.00000000
 -0.00000000   0.00000000     0.00000000  -0.00000000     0.00000000   0.00000000
  0.00000000   0.00000000     0.00000000   0.00000000     0.00000000   0.00000000
    2    2
  0.15323978   0.00000000     0.00000000   0.00000000     0.00000000   0.00000000
  0.00000000   0.00000000     0.15323978   0.00000000     0.00000000   0.00000000
  0.00000000   0.00000000     0.00000000   0.00000000     0.24445388   0.00000000

     Dynamical  Matrix in cartesian axes

     q = (    0.000000000  -0.500000000   0.000000000 ) 

    1    1
  0.15325896   0.00000000     0.00000000   0.00000000     0.00000000   0.00000000
  0.00000000   0.00000000     0.24447329   0.00000000     0.00000000   0.00000000
  0.00000000   0.00000000     0.00000000   0.00000000     0.15325896   0.00000000
    1    2
  0.00000000   0.00000000     0.00000000   0.00000000     0.00000000   0.00000000
  0.00000000   0.00000000     0.00000000  -0.00000000     0.00000000   0.00000000
 -0.00000000   0.00000000     0.00000000   0.00000000     0.00000000   0.00000000
    2    1
  0.00000000  -0.00000000     0.00000000   0.00000000    -0.00000000   0.00000000
  0.00000000   0.00000000     0.00000000   0.00000000     0.00000000   0.00000000
  0.00000000   0.00000000     0.00000000   0.00000000     0.00000000  -0.00000000
    2    2
  0.15323978   0.00000000     0.00000000   0.00000000     0.00000000   0.00000000
  0.00000000   0.00000000     0.24445388   0.00000000     0.00000000   0.00000000
  0.00000000   0.00000000     0.00000000   0.00000000     0.15323978   0.00000000

     Dynamical  Matrix in cartesian axes

     q = (   -0.500000000   0.000000000   0.000000000 ) 

    1    1
  0.24447329   0.00000000     0.00000000   0.00000000     0.00000000   0.00000000
  0.00000000   0.00000000     0.15325896   0.00000000     0.00000000   0.00000000
  0.00000000   0.00000000     0.00000000   0.00000000     0.15325896   0.00000000
    1    2
  0.00000000  -0.00000000     0.00000000   0.00000000     0.00000000   0.00000000
  0.00000000   0.00000000     0.00000000   0.00000000    -0.00000000   0.00000000
  0.00000000   0.00000000     0.00000000   0.00000000     0.00000000   0.00000000
    2    1
  0.00000000   0.00000000     0.00000000   0.00000000     0.00000000   0.00000000
  0.00000000   0.00000000     0.00000000  -0.00000000     0.00000000   0.00000000
  0.00000000   0.00000000    -0.00000000   0.00000000     0.00000000  -0.00000000
    2    2
  0.24445388   0.00000000     0.00000000   0.00000000     0.00000000   0.00000000
  0.00000000   0.00000000     0.15323978   0.00000000     0.00000000   0.00000000
  0.00000000   0.00000000     0.00000000   0.00000000     0.15323978   0.00000000

     Diagonalizing the dynamical matrix

     q = (    0.000000000   0.000000000  -0.500000000 ) 

 **************************************************************************
     freq (    1) =       5.708258 [THz] =     190.406990 [cm-1]
 (  0.000000  0.000000  0.000000  0.000000  0.000000  0.000000 ) 
 ( -0.728720  0.000000 -0.684811  0.000000  0.000000  0.000000 ) 
     freq (    2) =       5.708258 [THz] =     190.406990 [cm-1]
 (  0.000000  0.000000  0.000000  0.000000 -0.000000  0.000000 ) 
 ( -0.684811  0.000000  0.728720  0.000000  0.000000  0.000000 ) 
     freq (    3) =       5.708615 [THz] =     190.418905 [cm-1]
 (  0.000000  0.000000 -1.000000  0.000000  0.000000  0.000000 ) 
 (  0.000000  0.000000  0.000000  0.000000  0.000000  0.000000 ) 
     freq (    4) =       5.708615 [THz] =     190.418905 [cm-1]
 (  1.000000  0.000000  0.000000  0.000000  0.000000  0.000000 ) 
 (  0.000000  0.000000  0.000000  0.000000  0.000000  0.000000 ) 
     freq (    5) =       7.209685 [THz] =     240.489212 [cm-1]
 (  0.000000  0.000000  0.000000  0.000000  0.000000  0.000000 ) 
 (  0.000000  0.000000  0.000000  0.000000  1.000000  0.000000 ) 
     freq (    6) =       7.209971 [THz] =     240.498758 [cm-1]
 (  0.000000  0.000000  0.000000  0.000000  1.000000  0.000000 ) 
 (  0.000000  0.000000  0.000000  0.000000  0.000000  0.000000 ) 
 **************************************************************************
