Dynamical matrix file
phonons on a grid                                                          
  2    2   0   5.3669205   0.0000000   0.0000000   0.0000000   0.0000000   0.0000000
Basis vectors
      1.000000000    0.000000000    0.000000000
      0.000000000    1.000000000    0.000000000
      0.000000000    0.000000000    1.000000000
           1  'Fe1    '    50899.6037564029     
           2  'Fe2    '    50899.6037564029     
    1    1      0.0000000000      0.0000000000      0.0000000000
    2    2      0.5000000000      0.5000000000      0.5000000000

     Dynamical  Matrix in cartesian axes

     q = (    0.000000000  -0.500000000  -0.500000000 ) 

    1    1
  0.19235535   0.00000000     0.00000000   0.00000000     0.00000000   0.00000000
  0.00000000   0.00000000     0.23760838   0.00000000     0.00000000   0.00000000
  0.00000000   0.00000000     0.00000000   0.00000000     0.23760838   0.00000000
    1    2
  0.00000000   0.00000000     0.00000000   0.00000000     0.00000000   0.00000000
  0.00000000   0.00000000     0.00000000   0.00000000    -0.11085568   0.00000000
  0.00000000   0.00000000    -0.11085568   0.00000000     0.00000000   0.00000000
    2    1
  0.00000000   0.00000000     0.00000000   0.00000000     0.00000000   0.00000000
  0.00000000   0.00000000     0.00000000   0.00000000    -0.11085568  -0.00000000
  0.00000000   0.00000000    -0.11085568  -0.00000000     0.00000000   0.00000000
    2    2
  0.19233619   0.00000000     0.00000000   0.00000000     0.00000000   0.00000000
  0.00000000   0.00000000     0.23758917   0.00000000     0.00000000   0.00000000
  0.00000000   0.00000000     0.00000000   0.00000000     0.23758917   0.00000000

     Dynamical  Matrix in cartesian axes

     q = (   -0.500000000  -0.500000000   0.000000000 ) 

    1    1
  0.23760838   0.00000000     0.00000000   0.00000000     0.00000000   0.00000000
  0.00000000   0.00000000     0.23760838   0.00000000     0.00000000   0.00000000
  0.00000000   0.00000000     0.00000000   0.00000000     0.19235535   0.00000000
    1    2
  0.00000000   0.00000000    -0.11085568   0.00000000     0.00000000   0.00000000
 -0.11085568   0.00000000     0.00000000   0.00000000     0.00000000   0.00000000
  0.00000000   0.00000000     0.00000000   0.00000000     0.00000000   0.00000000
    2    1
  0.00000000   0.00000000    -0.11085568  -0.00000000     0.00000000   0.00000000
 -0.11085568  -0.00000000     0.00000000   0.00000000     0.00000000  -0.00000000
  0.00000000   0.00000000     0.00000000  -0.00000000     0.00000000   0.00000000
    2    2
  0.23758917   0.00000000     0.00000000   0.00000000     0.00000000   0.00000000
  0.00000000   0.00000000     0.23758917   0.00000000     0.00000000   0.00000000
  0.00000000   0.00000000     0.00000000   0.00000000     0.19233619   0.00000000

     Dynamical  Matrix in cartesian axes

     q = (   -0.500000000   0.000000000  -0.500000000 ) 

    1    1
  0.23760838   0.00000000     0.00000000   0.00000000     0.00000000   0.00000000
  0.00000000   0.00000000     0.19235535   0.00000000     0.00000000   0.00000000
  0.00000000   0.00000000     0.00000000   0.00000000     0.23760838   0.00000000
    1    2
  0.00000000   0.00000000     0.00000000   0.00000000    -0.11085568   0.00000000
  0.00000000   0.00000000     0.00000000   0.00000000     0.00000000   0.00000000
 -0.11085568   0.00000000     0.00000000   0.00000000     0.00000000   0.00000000
    2    1
  0.00000000   0.00000000     0.00000000  -0.00000000    -0.11085568  -0.00000000
  0.00000000  -0.00000000     0.00000000   0.00000000     0.00000000   0.00000000
 -0.11085568  -0.00000000     0.00000000   0.00000000     0.00000000   0.00000000
    2    2
  0.23758917   0.00000000     0.00000000   0.00000000     0.00000000   0.00000000
  0.00000000   0.00000000     0.19233619   0.00000000     0.00000000   0.00000000
  0.00000000   0.00000000     0.00000000   0.00000000     0.23758917   0.00000000

     Diagonalizing the dynamical matrix

     q = (    0.000000000  -0.500000000  -0.500000000 ) 

 **************************************************************************
     freq (    1) =       5.191346 [THz] =     173.164667 [cm-1]
 ( -0.000000  0.000000 -0.422494  0.000000  0.566971  0.000000 ) 
 ( -0.000000  0.000000  0.567020  0.000000 -0.422530  0.000000 ) 
     freq (    2) =       5.191346 [THz] =     173.164667 [cm-1]
 ( -0.000000  0.000000  0.566971  0.000000  0.422494  0.000000 ) 
 ( -0.000000  0.000000  0.422530  0.000000  0.567020  0.000000 ) 
     freq (    3) =       6.395115 [THz] =     213.318066 [cm-1]
 (  0.000000  0.000000  0.000000  0.000000 -0.000000  0.000000 ) 
 ( -1.000000  0.000000 -0.000000  0.000000  0.000000  0.000000 ) 
     freq (    4) =       6.395433 [THz] =     213.328691 [cm-1]
 (  1.000000  0.000000  0.000000  0.000000  0.000000  0.000000 ) 
 (  0.000000  0.000000  0.000000  0.000000  0.000000  0.000000 ) 
     freq (    5) =       8.607774 [THz] =     287.124431 [cm-1]
 ( -0.000000  0.000000  0.000000  0.000000  0.707137  0.000000 ) 
 ( -0.000000  0.000000 -0.707076  0.000000 -0.000000  0.000000 ) 
     freq (    6) =       8.607774 [THz] =     287.124431 [cm-1]
 ( -0.000000  0.000000 -0.707137  0.000000  0.000000  0.000000 ) 
 (  0.000000  0.000000 -0.000000  0.000000  0.707076  0.000000 ) 
 **************************************************************************
