Dynamical matrix file
phonons on a grid                                                          
  2    2   0   5.3669205   0.0000000   0.0000000   0.0000000   0.0000000   0.0000000
Basis vectors
      1.000000000    0.000000000    0.000000000
      0.000000000    1.000000000    0.000000000
      0.000000000    0.000000000    1.000000000
           1  'Fe1    '    50899.6037564029     
           2  'Fe2    '    50899.6037564029     
    1    1      0.0000000000      0.0000000000      0.0000000000
    2    2      0.5000000000      0.5000000000      0.5000000000

     Dynamical  Matrix in cartesian axes

     q = (   -0.500000000  -0.500000000  -0.500000000 ) 

    1    1
  0.23163302   0.00000000     0.00000000   0.00000000     0.00000000   0.00000000
  0.00000000   0.00000000     0.23163302   0.00000000     0.00000000   0.00000000
  0.00000000   0.00000000     0.00000000   0.00000000     0.23163302   0.00000000
    1    2
  0.00000000   0.00000000     0.00000000  -0.00000000     0.00000000  -0.00000000
  0.00000000  -0.00000000     0.00000000  -0.00000000     0.00000000  -0.00000000
  0.00000000  -0.00000000     0.00000000  -0.00000000     0.00000000   0.00000000
    2    1
  0.00000000  -0.00000000     0.00000000   0.00000000     0.00000000   0.00000000
  0.00000000   0.00000000     0.00000000   0.00000000     0.00000000   0.00000000
  0.00000000   0.00000000     0.00000000   0.00000000     0.00000000  -0.00000000
    2    2
  0.23161374   0.00000000     0.00000000   0.00000000     0.00000000   0.00000000
  0.00000000   0.00000000     0.23161374   0.00000000     0.00000000   0.00000000
  0.00000000   0.00000000     0.00000000   0.00000000     0.23161374   0.00000000

     Diagonalizing the dynamical matrix

     q = (   -0.500000000  -0.500000000  -0.500000000 ) 

 **************************************************************************
     freq (    1) =       7.017784 [THz] =     234.088077 [cm-1]
 ( -0.000000  0.000000  0.000000  0.000000  0.000000  0.000000 ) 
 (  0.197928  0.000000 -0.980217  0.000000  0.000000  0.000000 ) 
     freq (    2) =       7.017784 [THz] =     234.088077 [cm-1]
 (  0.000000  0.000000 -0.000000  0.000000  0.000000  0.000000 ) 
 ( -0.980217  0.000000 -0.197928  0.000000  0.000000  0.000000 ) 
     freq (    3) =       7.017784 [THz] =     234.088077 [cm-1]
 (  0.000000  0.000000  0.000000  0.000000  0.000000  0.000000 ) 
 (  0.000000  0.000000  0.000000  0.000000  1.000000  0.000000 ) 
     freq (    4) =       7.018076 [THz] =     234.097819 [cm-1]
 (  0.050552  0.000000 -0.998721  0.000000  0.000000  0.000000 ) 
 (  0.000000  0.000000  0.000000  0.000000  0.000000  0.000000 ) 
     freq (    5) =       7.018076 [THz] =     234.097819 [cm-1]
 ( -0.000000  0.000000  0.000000  0.000000  1.000000  0.000000 ) 
 (  0.000000  0.000000  0.000000  0.000000  0.000000  0.000000 ) 
     freq (    6) =       7.018076 [THz] =     234.097819 [cm-1]
 (  0.998721  0.000000  0.050552  0.000000  0.000000  0.000000 ) 
 (  0.000000  0.000000  0.000000  0.000000  0.000000  0.000000 ) 
 **************************************************************************
