<?xml version="1.0" encoding="UTF-8"?>
<Root>
  <GEOMETRY_INFO>
    <NUMBER_OF_TYPES>1</NUMBER_OF_TYPES>
    <NUMBER_OF_ATOMS>4</NUMBER_OF_ATOMS>
    <BRAVAIS_LATTICE_INDEX>0</BRAVAIS_LATTICE_INDEX>
    <SPIN_COMPONENTS>1</SPIN_COMPONENTS>
    <CELL_DIMENSIONS>
   6.240763173388723E+00   0.000000000000000E+00   0.000000000000000E+00
   0.000000000000000E+00   0.000000000000000E+00   0.000000000000000E+00
    </CELL_DIMENSIONS>
    <AT>
   1.000000000000000E+00   0.000000000000000E+00   0.000000000000000E+00
   0.000000000000000E+00   3.633644294051272E+00   0.000000000000000E+00
   0.000000000000000E+00   0.000000000000000E+00   1.401288245904092E+00
    </AT>
    <BG>
   1.000000000000000E+00   0.000000000000000E+00   0.000000000000000E+00
   0.000000000000000E+00   2.752058041666667E-01   0.000000000000000E+00
   0.000000000000000E+00   0.000000000000000E+00   7.136290502135868E-01
    </BG>
    <UNIT_CELL_VOLUME_AU>1237.6076822045600</UNIT_CELL_VOLUME_AU>
    <TYPE_NAME.1>P</TYPE_NAME.1>
    <MASS.1>30.973761000000000</MASS.1>
    <ATOM.1 SPECIES="P" INDEX="1" TAU="0.0000000000000000 0.31928483400294072 1.2767582427134956"/>
    <ATOM.2 SPECIES="P" INDEX="1" TAU="0.50000001430000007 0.31928483400294072 0.82517432680711877"/>
    <ATOM.3 SPECIES="P" INDEX="1" TAU="0.0000000000000000 -0.31928476641715686 0.12453023958792314"/>
    <ATOM.4 SPECIES="P" INDEX="1" TAU="0.50000001430000007 -0.31928476641715686 0.57611415549430001"/>
    <NUMBER_OF_Q>2</NUMBER_OF_Q>
  </GEOMETRY_INFO>
  <DIELECTRIC_PROPERTIES epsil="false" zstar="false" raman="false">
  </DIELECTRIC_PROPERTIES>
  <DYNAMICAL_MAT_.1>
    <Q_POINT>
   0.000000000000000E+00   0.000000000000000E+00   2.378763500711956E-01
    </Q_POINT>
    <PHI.1.1>
   2.261597952719828E-01   0.000000000000000E+00
   0.000000000000000E+00   0.000000000000000E+00
   0.000000000000000E+00   0.000000000000000E+00
   0.000000000000000E+00   0.000000000000000E+00
   2.099888991338642E-01   0.000000000000000E+00
  -1.485758523962016E-02   4.558039970186386E-03
   0.000000000000000E+00   0.000000000000000E+00
  -1.485758523962016E-02  -4.558039970186386E-03
   2.613659718419251E-01   0.000000000000000E+00
    </PHI.1.1>
    <PHI.1.2>
  -1.864889727788263E-01   2.165999295299855E-04
   0.000000000000000E+00   0.000000000000000E+00
   0.000000000000000E+00   0.000000000000000E+00
   0.000000000000000E+00   0.000000000000000E+00
  -6.829014944097496E-02   9.711845532807895E-03
  -1.840539111613247E-02  -3.033243465710904E-03
   0.000000000000000E+00   0.000000000000000E+00
   1.840539111613247E-02   3.033243465710903E-03
  -2.059701442700463E-01  -1.086433043587472E-03
    </PHI.1.2>
    <PHI.1.3>
   9.465644931164540E-03  -1.855146330491494E-02
   0.000000000000000E+00   0.000000000000000E+00
   0.000000000000000E+00   0.000000000000000E+00
   0.000000000000000E+00   0.000000000000000E+00
   7.146823710498371E-02  -1.426534565453031E-01
  -1.541231163042030E-02   1.411551435270519E-02
   0.000000000000000E+00   0.000000000000000E+00
  -1.541231163042029E-02   1.411551435270519E-02
   4.435401391723963E-03  -1.390183125811028E-02
    </PHI.1.3>
    <PHI.1.4>
  -4.007437166894421E-03  -6.941083925099104E-03
   0.000000000000000E+00   0.000000000000000E+00
   0.000000000000000E+00   0.000000000000000E+00
   0.000000000000000E+00   0.000000000000000E+00
   6.787220260396330E-03   1.175580888322511E-02
  -9.089143315288224E-03   1.975182272301415E-02
   0.000000000000000E+00   0.000000000000000E+00
  -2.165015212092805E-02  -2.004480039287374E-03
  -9.676734692670419E-03  -1.676059407184538E-02
    </PHI.1.4>
    <PHI.2.1>
  -1.864889727788263E-01  -2.165999295299855E-04
   0.000000000000000E+00   0.000000000000000E+00
   0.000000000000000E+00   0.000000000000000E+00
   0.000000000000000E+00   0.000000000000000E+00
  -6.829014944097496E-02  -9.711845532807895E-03
   1.840539111613247E-02  -3.033243465710904E-03
   0.000000000000000E+00   0.000000000000000E+00
  -1.840539111613247E-02   3.033243465710903E-03
  -2.059701442700463E-01   1.086433043587472E-03
    </PHI.2.1>
    <PHI.2.2>
   2.261597952719828E-01   0.000000000000000E+00
   0.000000000000000E+00   0.000000000000000E+00
   0.000000000000000E+00   0.000000000000000E+00
   0.000000000000000E+00   0.000000000000000E+00
   2.099888991338642E-01   0.000000000000000E+00
   1.485758523962016E-02   4.558039970186386E-03
   0.000000000000000E+00   0.000000000000000E+00
   1.485758523962016E-02  -4.558039970186386E-03
   2.613659718419251E-01   0.000000000000000E+00
    </PHI.2.2>
    <PHI.2.3>
  -4.007437166894421E-03  -6.941083925099104E-03
   0.000000000000000E+00   0.000000000000000E+00
   0.000000000000000E+00   0.000000000000000E+00
   0.000000000000000E+00   0.000000000000000E+00
   6.787220260396330E-03   1.175580888322511E-02
  -2.165015212092805E-02  -2.004480039287374E-03
   0.000000000000000E+00   0.000000000000000E+00
  -9.089143315288222E-03   1.975182272301415E-02
  -9.676734692670419E-03  -1.676059407184538E-02
    </PHI.2.3>
    <PHI.2.4>
  -2.079886108018488E-02  -1.078240457252908E-03
   0.000000000000000E+00   0.000000000000000E+00
   0.000000000000000E+00   0.000000000000000E+00
   0.000000000000000E+00   0.000000000000000E+00
  -1.592756368660056E-01  -9.433402363154280E-03
  -1.993054916030803E-02   6.289698355498453E-03
   0.000000000000000E+00   0.000000000000000E+00
  -1.993054916030802E-02   6.289698355498450E-03
  -1.425704005667479E-02  -3.109743824987733E-03
    </PHI.2.4>
    <PHI.3.1>
   9.465644931164540E-03   1.855146330491494E-02
   0.000000000000000E+00   0.000000000000000E+00
   0.000000000000000E+00   0.000000000000000E+00
   0.000000000000000E+00   0.000000000000000E+00
   7.146823710498371E-02   1.426534565453031E-01
  -1.541231163042030E-02  -1.411551435270519E-02
   0.000000000000000E+00   0.000000000000000E+00
  -1.541231163042029E-02  -1.411551435270519E-02
   4.435401391723963E-03   1.390183125811028E-02
    </PHI.3.1>
    <PHI.3.2>
  -4.007437166894421E-03   6.941083925099104E-03
   0.000000000000000E+00   0.000000000000000E+00
   0.000000000000000E+00   0.000000000000000E+00
   0.000000000000000E+00   0.000000000000000E+00
   6.787220260396330E-03  -1.175580888322511E-02
  -9.089143315288224E-03  -1.975182272301415E-02
   0.000000000000000E+00   0.000000000000000E+00
  -2.165015212092805E-02   2.004480039287374E-03
  -9.676734692670419E-03   1.676059407184538E-02
    </PHI.3.2>
    <PHI.3.3>
   2.261597952719828E-01   0.000000000000000E+00
   0.000000000000000E+00   0.000000000000000E+00
   0.000000000000000E+00   0.000000000000000E+00
   0.000000000000000E+00   0.000000000000000E+00
   2.099888991338642E-01   0.000000000000000E+00
  -1.485758523962016E-02  -4.558039970186386E-03
   0.000000000000000E+00   0.000000000000000E+00
  -1.485758523962016E-02   4.558039970186386E-03
   2.613659718419251E-01   0.000000000000000E+00
    </PHI.3.3>
    <PHI.3.4>
  -1.864889727788263E-01  -2.165999295299855E-04
   0.000000000000000E+00   0.000000000000000E+00
   0.000000000000000E+00   0.000000000000000E+00
   0.000000000000000E+00   0.000000000000000E+00
  -6.829014944097496E-02  -9.711845532807895E-03
  -1.840539111613247E-02   3.033243465710904E-03
   0.000000000000000E+00   0.000000000000000E+00
   1.840539111613247E-02  -3.033243465710903E-03
  -2.059701442700463E-01   1.086433043587472E-03
    </PHI.3.4>
    <PHI.4.1>
  -4.007437166894421E-03   6.941083925099104E-03
   0.000000000000000E+00   0.000000000000000E+00
   0.000000000000000E+00   0.000000000000000E+00
   0.000000000000000E+00   0.000000000000000E+00
   6.787220260396330E-03  -1.175580888322511E-02
  -2.165015212092805E-02   2.004480039287374E-03
   0.000000000000000E+00   0.000000000000000E+00
  -9.089143315288222E-03  -1.975182272301415E-02
  -9.676734692670419E-03   1.676059407184538E-02
    </PHI.4.1>
    <PHI.4.2>
  -2.079886108018488E-02   1.078240457252908E-03
   0.000000000000000E+00   0.000000000000000E+00
   0.000000000000000E+00   0.000000000000000E+00
   0.000000000000000E+00   0.000000000000000E+00
  -1.592756368660056E-01   9.433402363154280E-03
  -1.993054916030803E-02  -6.289698355498453E-03
   0.000000000000000E+00   0.000000000000000E+00
  -1.993054916030802E-02  -6.289698355498450E-03
  -1.425704005667479E-02   3.109743824987733E-03
    </PHI.4.2>
    <PHI.4.3>
  -1.864889727788263E-01   2.165999295299855E-04
   0.000000000000000E+00   0.000000000000000E+00
   0.000000000000000E+00   0.000000000000000E+00
   0.000000000000000E+00   0.000000000000000E+00
  -6.829014944097496E-02   9.711845532807895E-03
   1.840539111613247E-02   3.033243465710904E-03
   0.000000000000000E+00   0.000000000000000E+00
  -1.840539111613247E-02  -3.033243465710903E-03
  -2.059701442700463E-01  -1.086433043587472E-03
    </PHI.4.3>
    <PHI.4.4>
   2.261597952719828E-01   0.000000000000000E+00
   0.000000000000000E+00   0.000000000000000E+00
   0.000000000000000E+00   0.000000000000000E+00
   0.000000000000000E+00   0.000000000000000E+00
   2.099888991338642E-01   0.000000000000000E+00
   1.485758523962016E-02  -4.558039970186386E-03
   0.000000000000000E+00   0.000000000000000E+00
   1.485758523962016E-02   4.558039970186386E-03
   2.613659718419251E-01   0.000000000000000E+00
    </PHI.4.4>
  </DYNAMICAL_MAT_.1>
  <DYNAMICAL_MAT_.2>
    <Q_POINT>
   0.000000000000000E+00   0.000000000000000E+00  -2.378763500711956E-01
    </Q_POINT>
    <PHI.1.1>
   2.261597952719828E-01   0.000000000000000E+00
   0.000000000000000E+00   0.000000000000000E+00
   0.000000000000000E+00   0.000000000000000E+00
   0.000000000000000E+00   0.000000000000000E+00
   2.099888991338642E-01   0.000000000000000E+00
  -1.485758523962016E-02  -4.558039970186386E-03
   0.000000000000000E+00   0.000000000000000E+00
  -1.485758523962016E-02   4.558039970186386E-03
   2.613659718419251E-01   0.000000000000000E+00
    </PHI.1.1>
    <PHI.1.2>
  -1.864889727788263E-01  -2.165999295299855E-04
   0.000000000000000E+00   0.000000000000000E+00
   0.000000000000000E+00   0.000000000000000E+00
   0.000000000000000E+00   0.000000000000000E+00
  -6.829014944097496E-02  -9.711845532807895E-03
  -1.840539111613247E-02   3.033243465710904E-03
   0.000000000000000E+00   0.000000000000000E+00
   1.840539111613247E-02  -3.033243465710903E-03
  -2.059701442700463E-01   1.086433043587472E-03
    </PHI.1.2>
    <PHI.1.3>
   9.465644931164537E-03   1.855146330491494E-02
   0.000000000000000E+00   0.000000000000000E+00
   0.000000000000000E+00   0.000000000000000E+00
   0.000000000000000E+00   0.000000000000000E+00
   7.146823710498368E-02   1.426534565453031E-01
  -1.541231163042029E-02  -1.411551435270519E-02
   0.000000000000000E+00   0.000000000000000E+00
  -1.541231163042029E-02  -1.411551435270519E-02
   4.435401391723961E-03   1.390183125811028E-02
    </PHI.1.3>
    <PHI.1.4>
  -4.007437166894423E-03   6.941083925099102E-03
   0.000000000000000E+00   0.000000000000000E+00
   0.000000000000000E+00   0.000000000000000E+00
   0.000000000000000E+00   0.000000000000000E+00
   6.787220260396331E-03  -1.175580888322511E-02
  -9.089143315288217E-03  -1.975182272301415E-02
   0.000000000000000E+00   0.000000000000000E+00
  -2.165015212092805E-02   2.004480039287369E-03
  -9.676734692670422E-03   1.676059407184537E-02
    </PHI.1.4>
    <PHI.2.1>
  -1.864889727788263E-01   2.165999295299855E-04
   0.000000000000000E+00   0.000000000000000E+00
   0.000000000000000E+00   0.000000000000000E+00
   0.000000000000000E+00   0.000000000000000E+00
  -6.829014944097496E-02   9.711845532807895E-03
   1.840539111613247E-02   3.033243465710904E-03
   0.000000000000000E+00   0.000000000000000E+00
  -1.840539111613247E-02  -3.033243465710903E-03
  -2.059701442700463E-01  -1.086433043587472E-03
    </PHI.2.1>
    <PHI.2.2>
   2.261597952719828E-01   0.000000000000000E+00
   0.000000000000000E+00   0.000000000000000E+00
   0.000000000000000E+00   0.000000000000000E+00
   0.000000000000000E+00   0.000000000000000E+00
   2.099888991338642E-01   0.000000000000000E+00
   1.485758523962016E-02  -4.558039970186386E-03
   0.000000000000000E+00   0.000000000000000E+00
   1.485758523962016E-02   4.558039970186386E-03
   2.613659718419251E-01   0.000000000000000E+00
    </PHI.2.2>
    <PHI.2.3>
  -4.007437166894423E-03   6.941083925099102E-03
   0.000000000000000E+00   0.000000000000000E+00
   0.000000000000000E+00   0.000000000000000E+00
   0.000000000000000E+00   0.000000000000000E+00
   6.787220260396331E-03  -1.175580888322511E-02
  -2.165015212092805E-02   2.004480039287370E-03
   0.000000000000000E+00   0.000000000000000E+00
  -9.089143315288217E-03  -1.975182272301416E-02
  -9.676734692670422E-03   1.676059407184538E-02
    </PHI.2.3>
    <PHI.2.4>
  -2.079886108018488E-02   1.078240457252902E-03
   0.000000000000000E+00   0.000000000000000E+00
   0.000000000000000E+00   0.000000000000000E+00
   0.000000000000000E+00   0.000000000000000E+00
  -1.592756368660056E-01   9.433402363154248E-03
  -1.993054916030803E-02  -6.289698355498456E-03
   0.000000000000000E+00   0.000000000000000E+00
  -1.993054916030802E-02  -6.289698355498455E-03
  -1.425704005667479E-02   3.109743824987729E-03
    </PHI.2.4>
    <PHI.3.1>
   9.465644931164537E-03  -1.855146330491494E-02
   0.000000000000000E+00   0.000000000000000E+00
   0.000000000000000E+00   0.000000000000000E+00
   0.000000000000000E+00   0.000000000000000E+00
   7.146823710498368E-02  -1.426534565453031E-01
  -1.541231163042029E-02   1.411551435270519E-02
   0.000000000000000E+00   0.000000000000000E+00
  -1.541231163042029E-02   1.411551435270519E-02
   4.435401391723961E-03  -1.390183125811028E-02
    </PHI.3.1>
    <PHI.3.2>
  -4.007437166894423E-03  -6.941083925099102E-03
   0.000000000000000E+00   0.000000000000000E+00
   0.000000000000000E+00   0.000000000000000E+00
   0.000000000000000E+00   0.000000000000000E+00
   6.787220260396331E-03   1.175580888322511E-02
  -9.089143315288217E-03   1.975182272301415E-02
   0.000000000000000E+00   0.000000000000000E+00
  -2.165015212092805E-02  -2.004480039287369E-03
  -9.676734692670422E-03  -1.676059407184537E-02
    </PHI.3.2>
    <PHI.3.3>
   2.261597952719828E-01   0.000000000000000E+00
   0.000000000000000E+00   0.000000000000000E+00
   0.000000000000000E+00   0.000000000000000E+00
   0.000000000000000E+00   0.000000000000000E+00
   2.099888991338642E-01   0.000000000000000E+00
  -1.485758523962016E-02   4.558039970186386E-03
   0.000000000000000E+00   0.000000000000000E+00
  -1.485758523962016E-02  -4.558039970186386E-03
   2.613659718419251E-01   0.000000000000000E+00
    </PHI.3.3>
    <PHI.3.4>
  -1.864889727788263E-01   2.165999295299855E-04
   0.000000000000000E+00   0.000000000000000E+00
   0.000000000000000E+00   0.000000000000000E+00
   0.000000000000000E+00   0.000000000000000E+00
  -6.829014944097496E-02   9.711845532807895E-03
  -1.840539111613247E-02  -3.033243465710904E-03
   0.000000000000000E+00   0.000000000000000E+00
   1.840539111613247E-02   3.033243465710903E-03
  -2.059701442700463E-01  -1.086433043587472E-03
    </PHI.3.4>
    <PHI.4.1>
  -4.007437166894423E-03  -6.941083925099102E-03
   0.000000000000000E+00   0.000000000000000E+00
   0.000000000000000E+00   0.000000000000000E+00
   0.000000000000000E+00   0.000000000000000E+00
   6.787220260396331E-03   1.175580888322511E-02
  -2.165015212092805E-02  -2.004480039287370E-03
   0.000000000000000E+00   0.000000000000000E+00
  -9.089143315288217E-03   1.975182272301416E-02
  -9.676734692670422E-03  -1.676059407184538E-02
    </PHI.4.1>
    <PHI.4.2>
  -2.079886108018488E-02  -1.078240457252902E-03
   0.000000000000000E+00   0.000000000000000E+00
   0.000000000000000E+00   0.000000000000000E+00
   0.000000000000000E+00   0.000000000000000E+00
  -1.592756368660056E-01  -9.433402363154248E-03
  -1.993054916030803E-02   6.289698355498456E-03
   0.000000000000000E+00   0.000000000000000E+00
  -1.993054916030802E-02   6.289698355498455E-03
  -1.425704005667479E-02  -3.109743824987729E-03
    </PHI.4.2>
    <PHI.4.3>
  -1.864889727788263E-01  -2.165999295299855E-04
   0.000000000000000E+00   0.000000000000000E+00
   0.000000000000000E+00   0.000000000000000E+00
   0.000000000000000E+00   0.000000000000000E+00
  -6.829014944097496E-02  -9.711845532807895E-03
   1.840539111613247E-02  -3.033243465710904E-03
   0.000000000000000E+00   0.000000000000000E+00
  -1.840539111613247E-02   3.033243465710903E-03
  -2.059701442700463E-01   1.086433043587472E-03
    </PHI.4.3>
    <PHI.4.4>
   2.261597952719828E-01   0.000000000000000E+00
   0.000000000000000E+00   0.000000000000000E+00
   0.000000000000000E+00   0.000000000000000E+00
   0.000000000000000E+00   0.000000000000000E+00
   2.099888991338642E-01   0.000000000000000E+00
   1.485758523962016E-02   4.558039970186386E-03
   0.000000000000000E+00   0.000000000000000E+00
   1.485758523962016E-02  -4.558039970186386E-03
   2.613659718419251E-01   0.000000000000000E+00
    </PHI.4.4>
  </DYNAMICAL_MAT_.2>
  <FREQUENCIES_THZ_CMM1>
    <OMEGA.1>
   1.116210120636102E+00   3.723276189410016E+01
    </OMEGA.1>
    <DISPLACEMENT.1>
  -2.7601038667086208E-016  -6.4934427816393614E-017
  0.43329056931043641      -0.10679832493062312     
 -0.11275350299094519      -0.19529477182434438     
  -2.8229731765662514E-016  -2.0225206701007373E-017
  0.27531977358182586      -0.35120595373114033     
 -0.13176044328883982      -0.18300979734150927     
  -3.4275780680374591E-016   3.9981325937176605E-016
 -0.16649336898809680      -0.41403690384353881     
  0.22437135649076415       -2.2602980448259310E-002
  -2.6059587382134191E-016   4.9399153164702569E-016
  0.12415524507606844      -0.42863979607760483     
  0.22550698512163644        0.0000000000000000     
    </DISPLACEMENT.1>
    <OMEGA.2>
   2.189234048811208E+00   7.302498746686976E+01
    </OMEGA.2>
    <DISPLACEMENT.2>
   8.5208839225474073E-017  -8.6266967973313312E-017
   8.8844002263157279E-002 -0.21985062711215822     
  0.22009797867632747       0.38122083469145474     
   7.1502547791043095E-017  -9.5295712568716599E-017
  0.23387626069303780        3.9108178990953299E-002
  0.21006232815965384       0.38684139296150849     
  -5.4794866309722617E-017  -1.8082674079894772E-016
 -0.15080681662132298       0.18298868555264980     
  0.44004563700559762        1.1501407417942486E-002
  -1.3522817145163649E-016  -2.1621572942083200E-016
  0.14597421700550187       0.18686648428590860     
  0.44019591663287294        0.0000000000000000     
    </DISPLACEMENT.2>
    <OMEGA.3>
   2.739207435009862E+00   9.137012496191156E+01
    </OMEGA.3>
    <DISPLACEMENT.3>
 -0.32756422713913130      -0.37775875515829443     
  -1.5400079474351935E-016   1.9132066120588228E-017
  -1.2258148635933624E-016   1.8442925984067416E-016
 -0.35915333764399737      -0.34786330657196035     
  -5.0510575016287829E-016   1.9554638447810984E-016
  -1.2140371249250085E-016   2.7375806355040092E-016
 -0.48083513668010641       0.13710423528769092     
  -2.2435607048580779E-016   2.0999746252786604E-016
  -2.0130489341282211E-016  -5.8378380664305917E-020
 -0.49093079710160042        9.4799538275176537E-002
  -4.3307732641285325E-016   2.8091659501409306E-016
  -1.8656208762633330E-016   0.0000000000000000     
    </DISPLACEMENT.3>
    <OMEGA.4>
   4.720687816059605E+00   1.574651960076862E+02
    </OMEGA.4>
    <DISPLACEMENT.4>
  0.36910577567664959      -0.33728463700877093     
   3.2778122697966306E-016  -5.7025246058590464E-016
   3.6344477034881130E-017  -2.6809998226319965E-016
  0.40112921220778153      -0.29848845055305473     
   4.7247600556013371E-016   5.4837748937529060E-016
  -4.0485253782131387E-017  -3.1385196062724264E-016
   5.7933948287628836E-002  0.49663231634259064     
  -5.2919260862840030E-016   4.2296771961795423E-016
  -3.4242364723734204E-016   9.4954957912255950E-017
  0.10754415003895092       0.48829730266754545     
   4.7789346349838762E-016   5.7413981385455181E-016
  -3.1047592136534824E-016   0.0000000000000000     
    </DISPLACEMENT.4>
    <OMEGA.5>
   4.842586352566627E+00   1.615312935112807E+02
    </OMEGA.5>
    <DISPLACEMENT.5>
  -2.9568667608835292E-016   5.7992120873015694E-016
   3.3640779018159631E-003 -0.44147211869084385     
 -0.11735742583103506      -0.20326899911398444     
  -3.6587965133998764E-016   5.5041688534741823E-016
  0.42939027093496662       0.10263013118918012     
 -0.16918400915048692      -0.16268934337028945     
  -4.4391917323955416E-016  -7.0852931453738852E-016
 -0.30357545339056358       0.32054780095989749     
 -0.22548511233962021        6.5172966110776095E-002
  -4.5468428283744585E-016  -5.9356663789550568E-016
  0.38064401895343913       0.22364945659778923     
 -0.23471482995006393        0.0000000000000000     
    </DISPLACEMENT.5>
    <OMEGA.6>
   6.340628511659257E+00   2.115006012479226E+02
    </OMEGA.6>
    <DISPLACEMENT.6>
  -1.9123429476505187E-017  -3.0909616478260626E-017
  0.22283135965017981       -2.8489026687895123E-002
  0.22334647827435444       0.38684740034963599     
  -7.8505020239249484E-018  -4.1366365199243710E-017
  0.15289671075534472      -0.16458443220841992     
  0.18448876208904236       0.40681501591962033     
   1.7810278603646686E-016  -8.9979008443095936E-018
  -6.6085932515510051E-002 -0.21470465530287608     
 -0.44455651714143629       -4.3635577020419446E-002
   9.1139217480512356E-017  -2.7909620490735271E-017
   8.6743470051408228E-002 -0.20722212692811545     
 -0.44669291522793242        0.0000000000000000     
    </DISPLACEMENT.6>
    <OMEGA.7>
   1.121062866442900E+01   3.739463207052726E+02
    </OMEGA.7>
    <DISPLACEMENT.7>
   1.5554610580436330E-018  -7.3576419444080025E-018
 -0.21007132650715057       0.42145509184836605     
   8.4032208944351094E-002  0.14554803741220376     
  -2.8691986753500389E-018   9.7421924358848479E-018
  0.40214460374123906       0.24501851837604191     
  -6.3146176716149093E-003 -0.16794573212282840     
  -5.4062896147440532E-017   1.2269599533848343E-017
 -0.41326457523897875       0.22575816157546666     
 -0.14860257511867073       -7.8504254679038460E-002
   1.1188467192933933E-017  -2.0155469536464966E-018
 -0.25995513187087727      -0.39265466516951425     
  0.16806440234211262        0.0000000000000000     
    </DISPLACEMENT.7>
    <OMEGA.8>
   1.254071198420583E+01   4.183131246152241E+02
    </OMEGA.8>
    <DISPLACEMENT.8>
 -0.25988591347416506      -0.42715256288319631     
   1.3749944271326934E-015  -1.4245081287189063E-015
   8.5654094703034944E-018   1.7830578234534666E-016
  0.21564871194728638       0.45110490247331891     
  -1.8966747278935122E-016   1.8561942115868090E-015
  -5.9976482827709594E-018  -6.9311100761441429E-017
 -0.49849265921532998       -3.8795215019928601E-002
   1.6217412313161858E-015   1.0682824190324456E-015
   2.3743117125630519E-017  -1.4096103080721804E-017
  0.49986792809931963       -1.1491495016289731E-002
  -4.7159426590178285E-016  -1.8031881345282611E-015
  -5.2075520051650673E-017   0.0000000000000000     
    </DISPLACEMENT.8>
    <OMEGA.9>
   1.263962900200196E+01   4.216126411693106E+02
    </OMEGA.9>
    <DISPLACEMENT.9>
  0.25101549681736879       0.43242481468753091     
   3.2213007684853965E-015  -2.7913983735269832E-015
   1.2249495038418184E-017   2.6822975315492491E-016
 -0.28764485091831887      -0.40897486443569109     
  -7.6391714495963637E-016   4.0577831173100802E-015
  -1.3430672510992140E-017  -1.1001409100890494E-016
 -0.49800504995277506        4.4620289348236586E-002
   3.2435844906945318E-015   2.7042336036319254E-015
   3.6325789013319339E-017  -3.6982656047107208E-017
  0.49999862321749866       -1.1733629402027759E-003
  -7.2736257972700934E-016  -4.0694895384918327E-015
  -8.2782810349534281E-017   0.0000000000000000     
    </DISPLACEMENT.9>
    <OMEGA.10>
   1.272876153223085E+01   4.245857823491627E+02
    </OMEGA.10>
    <DISPLACEMENT.10>
   1.0495400114480493E-015   2.0302664885087291E-015
 -0.41144205024800423       0.28401381409546239     
  -3.5914029366109143E-003  -6.2204915894361768E-003
  -1.5545966583947618E-015  -1.8460952707513678E-015
  0.14639021420682796      -0.47803589038252270     
   7.0149930000075467E-003   1.5435555957557339E-003
  -5.8837494987094278E-015  -4.6656095119458011E-016
 -0.34079609835249119      -0.36579560776074443     
  -4.8442551413207455E-003   5.3033840887813776E-003
   6.3986394266141777E-015   9.8638670391917619E-016
   4.0242126294236361E-002  0.49832617689687048     
   7.1828052087854945E-003   0.0000000000000000     
    </DISPLACEMENT.10>
    <OMEGA.11>
   1.349977850823181E+01   4.503041403473804E+02
    </OMEGA.11>
    <DISPLACEMENT.11>
  -2.2314719413226612E-017   1.7964274795012826E-018
  -6.3833338966806071E-003 -0.16452474829556171     
  0.23605661475753717       0.40886199979439569     
   2.8771662208985674E-017  -6.7355653055972382E-018
 -0.14774699183222639       -7.2663375629559268E-002
 -0.27772431806418890      -0.38178536300183358     
   2.3366870059305818E-017  -1.1867352464670837E-016
  0.13680183002924895       -9.1620953138474071E-002
 -0.46949798483496680        4.9623608116866252E-002
  -1.5616222023522578E-016   5.9545228202448574E-017
  0.14567427442538422        7.6734252612453327E-002
  0.47211318584279238        0.0000000000000000     
    </DISPLACEMENT.11>
    <OMEGA.12>
   1.353476792616875E+01   4.514712617009450E+02
    </OMEGA.12>
    <DISPLACEMENT.12>
   2.0533726944519142E-017  -1.8197654613536453E-018
   9.5733152340904074E-003   1.8652216478890149E-002
 -0.24978014964484535      -0.43263185654692271     
  -2.8384232019836971E-017   8.1857395923567682E-018
   1.0328790063534488E-002   1.8244715398441039E-002
  0.22434197931040939       0.44635313684898231     
  -4.3659147285123333E-017   1.1585727097540397E-016
   2.0964782042170924E-002   1.7736423350583942E-004
 -0.49872414368235568       -2.8890741841789937E-002
   1.7493754357906975E-016  -6.8601447447165726E-017
   2.0939950869363226E-002   1.0353751666332131E-003
  0.49956025307851304        0.0000000000000000     
    </DISPLACEMENT.12>
  </FREQUENCIES_THZ_CMM1>
</Root>
