<?xml version="1.0" encoding="UTF-8"?>
<Root>
  <GEOMETRY_INFO>
    <NUMBER_OF_TYPES>1</NUMBER_OF_TYPES>
    <NUMBER_OF_ATOMS>4</NUMBER_OF_ATOMS>
    <BRAVAIS_LATTICE_INDEX>0</BRAVAIS_LATTICE_INDEX>
    <SPIN_COMPONENTS>1</SPIN_COMPONENTS>
    <CELL_DIMENSIONS>
   6.240763173388723E+00   0.000000000000000E+00   0.000000000000000E+00
   0.000000000000000E+00   0.000000000000000E+00   0.000000000000000E+00
    </CELL_DIMENSIONS>
    <AT>
   1.000000000000000E+00   0.000000000000000E+00   0.000000000000000E+00
   0.000000000000000E+00   3.633644294051272E+00   0.000000000000000E+00
   0.000000000000000E+00   0.000000000000000E+00   1.401288245904092E+00
    </AT>
    <BG>
   1.000000000000000E+00   0.000000000000000E+00   0.000000000000000E+00
   0.000000000000000E+00   2.752058041666667E-01   0.000000000000000E+00
   0.000000000000000E+00   0.000000000000000E+00   7.136290502135868E-01
    </BG>
    <UNIT_CELL_VOLUME_AU>1237.6076822045600</UNIT_CELL_VOLUME_AU>
    <TYPE_NAME.1>P</TYPE_NAME.1>
    <MASS.1>30.973761000000000</MASS.1>
    <ATOM.1 SPECIES="P" INDEX="1" TAU="0.0000000000000000 0.31928483400294072 1.2767582427134956"/>
    <ATOM.2 SPECIES="P" INDEX="1" TAU="0.50000001430000007 0.31928483400294072 0.82517432680711877"/>
    <ATOM.3 SPECIES="P" INDEX="1" TAU="0.0000000000000000 -0.31928476641715686 0.12453023958792314"/>
    <ATOM.4 SPECIES="P" INDEX="1" TAU="0.50000001430000007 -0.31928476641715686 0.57611415549430001"/>
    <NUMBER_OF_Q>1</NUMBER_OF_Q>
  </GEOMETRY_INFO>
  <DIELECTRIC_PROPERTIES epsil="false" zstar="false" raman="false">
  </DIELECTRIC_PROPERTIES>
  <DYNAMICAL_MAT_.1>
    <Q_POINT>
  -5.000000000000000E-01   0.000000000000000E+00   0.000000000000000E+00
    </Q_POINT>
    <PHI.1.1>
   2.700768993264045E-01   0.000000000000000E+00
   0.000000000000000E+00   0.000000000000000E+00
   0.000000000000000E+00   0.000000000000000E+00
   0.000000000000000E+00   0.000000000000000E+00
   2.039488334677493E-01   0.000000000000000E+00
  -3.100590174540488E-02   0.000000000000000E+00
   0.000000000000000E+00   0.000000000000000E+00
  -3.100590174540488E-02   0.000000000000000E+00
   1.979796795969896E-01   0.000000000000000E+00
    </PHI.1.1>
    <PHI.1.2>
   0.000000000000000E+00   0.000000000000000E+00
  -2.973518445698491E-02  -1.335846476427413E-09
   1.354197622248769E-01   6.083702371795635E-09
   2.973518445698491E-02   1.335846476427413E-09
   0.000000000000000E+00   0.000000000000000E+00
   0.000000000000000E+00   0.000000000000000E+00
   1.354197622248769E-01   6.083702371795636E-09
   0.000000000000000E+00   0.000000000000000E+00
   0.000000000000000E+00   0.000000000000000E+00
    </PHI.1.2>
    <PHI.1.3>
  -2.150807027913655E-02   0.000000000000000E+00
   0.000000000000000E+00   0.000000000000000E+00
   0.000000000000000E+00   0.000000000000000E+00
   0.000000000000000E+00   0.000000000000000E+00
  -1.438460966530673E-01   0.000000000000000E+00
   3.321064445713474E-02   0.000000000000000E+00
   0.000000000000000E+00   0.000000000000000E+00
   3.321064445713474E-02   0.000000000000000E+00
  -1.489855969691303E-03   0.000000000000000E+00
    </PHI.1.3>
    <PHI.1.4>
   0.000000000000000E+00  -1.156071233067974E-44
   2.866394707243226E-02   1.287721377770565E-09
  -5.039989799396396E-03  -2.264204086069577E-10
   2.866394707243226E-02   1.287721377770565E-09
   0.000000000000000E+00   2.653296797538604E-45
   0.000000000000000E+00   0.000000000000000E+00
   5.039989799396396E-03   2.264204086069577E-10
   0.000000000000000E+00   0.000000000000000E+00
   0.000000000000000E+00   1.873289917044370E-45
    </PHI.1.4>
    <PHI.2.1>
   0.000000000000000E+00   0.000000000000000E+00
   2.973518445698491E-02  -1.335846476427413E-09
   1.354197622248769E-01  -6.083702371795635E-09
  -2.973518445698491E-02   1.335846476427413E-09
   0.000000000000000E+00   0.000000000000000E+00
   0.000000000000000E+00   0.000000000000000E+00
   1.354197622248769E-01  -6.083702371795636E-09
   0.000000000000000E+00   0.000000000000000E+00
   0.000000000000000E+00   0.000000000000000E+00
    </PHI.2.1>
    <PHI.2.2>
   2.700768993264045E-01   0.000000000000000E+00
   0.000000000000000E+00   0.000000000000000E+00
   0.000000000000000E+00   0.000000000000000E+00
   0.000000000000000E+00   0.000000000000000E+00
   2.039488334677493E-01   0.000000000000000E+00
   3.100590174540488E-02   0.000000000000000E+00
   0.000000000000000E+00   0.000000000000000E+00
   3.100590174540488E-02   0.000000000000000E+00
   1.979796795969896E-01   0.000000000000000E+00
    </PHI.2.2>
    <PHI.2.3>
   0.000000000000000E+00   1.156071233067974E-44
  -2.866394707243226E-02   1.287721377770565E-09
  -5.039989799396396E-03   2.264204086069576E-10
  -2.866394707243226E-02   1.287721377770565E-09
   0.000000000000000E+00  -2.653296797538604E-45
   0.000000000000000E+00   0.000000000000000E+00
   5.039989799396396E-03  -2.264204086069576E-10
   0.000000000000000E+00   0.000000000000000E+00
   0.000000000000000E+00  -1.873289917044370E-45
    </PHI.2.3>
    <PHI.2.4>
  -2.150807027913655E-02   0.000000000000000E+00
   0.000000000000000E+00   0.000000000000000E+00
   0.000000000000000E+00   0.000000000000000E+00
   0.000000000000000E+00   0.000000000000000E+00
  -1.438460966530673E-01   0.000000000000000E+00
  -3.321064445713474E-02   0.000000000000000E+00
   0.000000000000000E+00   0.000000000000000E+00
  -3.321064445713474E-02   0.000000000000000E+00
  -1.489855969691303E-03   0.000000000000000E+00
    </PHI.2.4>
    <PHI.3.1>
  -2.150807027913655E-02   0.000000000000000E+00
   0.000000000000000E+00   0.000000000000000E+00
   0.000000000000000E+00   0.000000000000000E+00
   0.000000000000000E+00   0.000000000000000E+00
  -1.438460966530673E-01   0.000000000000000E+00
   3.321064445713474E-02   0.000000000000000E+00
   0.000000000000000E+00   0.000000000000000E+00
   3.321064445713474E-02   0.000000000000000E+00
  -1.489855969691303E-03   0.000000000000000E+00
    </PHI.3.1>
    <PHI.3.2>
   0.000000000000000E+00  -1.156071233067974E-44
  -2.866394707243226E-02  -1.287721377770565E-09
   5.039989799396396E-03   2.264204086069576E-10
  -2.866394707243226E-02  -1.287721377770565E-09
   0.000000000000000E+00   2.653296797538604E-45
   0.000000000000000E+00   0.000000000000000E+00
  -5.039989799396396E-03  -2.264204086069576E-10
   0.000000000000000E+00   0.000000000000000E+00
   0.000000000000000E+00   1.873289917044370E-45
    </PHI.3.2>
    <PHI.3.3>
   2.700768993264045E-01   0.000000000000000E+00
   0.000000000000000E+00   0.000000000000000E+00
   0.000000000000000E+00   0.000000000000000E+00
   0.000000000000000E+00   0.000000000000000E+00
   2.039488334677493E-01   0.000000000000000E+00
  -3.100590174540488E-02   0.000000000000000E+00
   0.000000000000000E+00   0.000000000000000E+00
  -3.100590174540488E-02   0.000000000000000E+00
   1.979796795969896E-01   0.000000000000000E+00
    </PHI.3.3>
    <PHI.3.4>
   0.000000000000000E+00   0.000000000000000E+00
   2.973518445698491E-02   1.335846476427413E-09
  -1.354197622248769E-01  -6.083702371795635E-09
  -2.973518445698491E-02  -1.335846476427413E-09
   0.000000000000000E+00   0.000000000000000E+00
   0.000000000000000E+00   0.000000000000000E+00
  -1.354197622248769E-01  -6.083702371795636E-09
   0.000000000000000E+00   0.000000000000000E+00
   0.000000000000000E+00   0.000000000000000E+00
    </PHI.3.4>
    <PHI.4.1>
   0.000000000000000E+00   1.156071233067974E-44
   2.866394707243226E-02  -1.287721377770565E-09
   5.039989799396396E-03  -2.264204086069577E-10
   2.866394707243226E-02  -1.287721377770565E-09
   0.000000000000000E+00  -2.653296797538604E-45
   0.000000000000000E+00   0.000000000000000E+00
  -5.039989799396396E-03   2.264204086069577E-10
   0.000000000000000E+00   0.000000000000000E+00
   0.000000000000000E+00  -1.873289917044370E-45
    </PHI.4.1>
    <PHI.4.2>
  -2.150807027913655E-02   0.000000000000000E+00
   0.000000000000000E+00   0.000000000000000E+00
   0.000000000000000E+00   0.000000000000000E+00
   0.000000000000000E+00   0.000000000000000E+00
  -1.438460966530673E-01   0.000000000000000E+00
  -3.321064445713474E-02   0.000000000000000E+00
   0.000000000000000E+00   0.000000000000000E+00
  -3.321064445713474E-02   0.000000000000000E+00
  -1.489855969691303E-03   0.000000000000000E+00
    </PHI.4.2>
    <PHI.4.3>
   0.000000000000000E+00   0.000000000000000E+00
  -2.973518445698491E-02   1.335846476427413E-09
  -1.354197622248769E-01   6.083702371795635E-09
   2.973518445698491E-02  -1.335846476427413E-09
   0.000000000000000E+00   0.000000000000000E+00
   0.000000000000000E+00   0.000000000000000E+00
  -1.354197622248769E-01   6.083702371795636E-09
   0.000000000000000E+00   0.000000000000000E+00
   0.000000000000000E+00   0.000000000000000E+00
    </PHI.4.3>
    <PHI.4.4>
   2.700768993264045E-01   0.000000000000000E+00
   0.000000000000000E+00   0.000000000000000E+00
   0.000000000000000E+00   0.000000000000000E+00
   0.000000000000000E+00   0.000000000000000E+00
   2.039488334677493E-01   0.000000000000000E+00
   3.100590174540488E-02   0.000000000000000E+00
   0.000000000000000E+00   0.000000000000000E+00
   3.100590174540488E-02   0.000000000000000E+00
   1.979796795969896E-01   0.000000000000000E+00
    </PHI.4.4>
  </DYNAMICAL_MAT_.1>
  <FREQUENCIES_THZ_CMM1>
    <OMEGA.1>
   3.585350623228067E+00   1.195944236605201E+02
    </OMEGA.1>
    <DISPLACEMENT.1>
  0.26769866094622441       -0.0000000000000000     
  -3.1968032340641023E-002   0.0000000000000000     
   1.2561323406437756E-002  -0.0000000000000000     
  -1.4071690662166228E-002   0.0000000000000000     
 -0.60815716150470100        0.0000000000000000     
 -0.23896556116436102        0.0000000000000000     
 -0.26769866094622513        0.0000000000000000     
  -3.1968032340641064E-002   0.0000000000000000     
   1.2561323406437896E-002  -0.0000000000000000     
   1.4071690662166278E-002  -0.0000000000000000     
 -0.60815716150470078        0.0000000000000000     
 -0.23896556116436196        0.0000000000000000     
    </DISPLACEMENT.1>
    <OMEGA.2>
   3.585350623228077E+00   1.195944236605204E+02
    </OMEGA.2>
    <DISPLACEMENT.2>
   1.4071690662166045E-002   0.0000000000000000     
  0.60815716150470056        0.0000000000000000     
 -0.23896556116436221        0.0000000000000000     
  0.26769866094622580        0.0000000000000000     
  -3.1968032340641148E-002   0.0000000000000000     
  -1.2561323406437546E-002   0.0000000000000000     
  -1.4071690662166323E-002   0.0000000000000000     
  0.60815716150470134        0.0000000000000000     
 -0.23896556116436035        0.0000000000000000     
 -0.26769866094622408        0.0000000000000000     
  -3.1968032340641050E-002   0.0000000000000000     
  -1.2561323406437851E-002   0.0000000000000000     
    </DISPLACEMENT.2>
    <OMEGA.3>
   5.613082972198515E+00   1.872322942893552E+02
    </OMEGA.3>
    <DISPLACEMENT.3>
  0.42808910205409184        0.0000000000000000     
  -1.2575573380781899E-003   0.0000000000000000     
  -5.2702728398365583E-003   0.0000000000000000     
   4.1216602765972018E-003   0.0000000000000000     
  0.13061401365276021        0.0000000000000000     
 -0.54738775546255847        0.0000000000000000     
  0.42808910205409129        0.0000000000000000     
   1.2575573380784620E-003   0.0000000000000000     
   5.2702728398365348E-003   0.0000000000000000     
   4.1216602765971793E-003   0.0000000000000000     
 -0.13061401365276112        0.0000000000000000     
  0.54738775546255802        0.0000000000000000     
    </DISPLACEMENT.3>
    <OMEGA.4>
   5.613082972198522E+00   1.872322942893554E+02
    </OMEGA.4>
    <DISPLACEMENT.4>
  -4.1216602765971480E-003   0.0000000000000000     
 -0.13061401365276307        0.0000000000000000     
 -0.54738775546255924        0.0000000000000000     
  0.42808910205409206        0.0000000000000000     
  -1.2575573380781795E-003   0.0000000000000000     
   5.2702728398366433E-003   0.0000000000000000     
  -4.1216602765970622E-003   0.0000000000000000     
  0.13061401365275871        0.0000000000000000     
  0.54738775546255736        0.0000000000000000     
  0.42808910205409106        0.0000000000000000     
   1.2575573380785494E-003   0.0000000000000000     
  -5.2702728398364733E-003   0.0000000000000000     
    </DISPLACEMENT.4>
    <OMEGA.5>
   6.667136427878407E+00   2.223917330127900E+02
    </OMEGA.5>
    <DISPLACEMENT.5>
  -1.6543932853636686E-002   0.0000000000000000     
  0.34558757236569604        0.0000000000000000     
  0.53180501956268877        0.0000000000000000     
 -0.31038060421262392        0.0000000000000000     
  -1.8420537606636842E-002   0.0000000000000000     
   2.8346315508957953E-002   0.0000000000000000     
   1.6543932853636627E-002   0.0000000000000000     
  0.34558757236569698        0.0000000000000000     
  0.53180501956269222        0.0000000000000000     
  0.31038060421262670        0.0000000000000000     
  -1.8420537606636762E-002   0.0000000000000000     
   2.8346315508957828E-002   0.0000000000000000     
    </DISPLACEMENT.5>
    <OMEGA.6>
   6.667136427878409E+00   2.223917330127901E+02
    </OMEGA.6>
    <DISPLACEMENT.6>
 -0.31038060421262520        0.0000000000000000     
  -1.8420537606636981E-002   0.0000000000000000     
  -2.8346315508957703E-002   0.0000000000000000     
   1.6543932853636433E-002   0.0000000000000000     
 -0.34558757236569670        0.0000000000000000     
  0.53180501956269000        0.0000000000000000     
  0.31038060421262548        0.0000000000000000     
  -1.8420537606636988E-002   0.0000000000000000     
  -2.8346315508957928E-002   0.0000000000000000     
  -1.6543932853636797E-002   0.0000000000000000     
 -0.34558757236569670        0.0000000000000000     
  0.53180501956269044        0.0000000000000000     
    </DISPLACEMENT.6>
    <OMEGA.7>
   1.100168338994730E+01   3.669766565624310E+02
    </OMEGA.7>
    <DISPLACEMENT.7>
  0.45002629412577727        0.0000000000000000     
  -4.7908436290665296E-002   0.0000000000000000     
  -2.3196051955084424E-002   0.0000000000000000     
  -4.4277576504722291E-002   0.0000000000000000     
 -0.48692945150124900        0.0000000000000000     
  0.23575891283440714        0.0000000000000000     
  0.45002629412577611        0.0000000000000000     
   4.7908436290665227E-002   0.0000000000000000     
   2.3196051955084413E-002   0.0000000000000000     
  -4.4277576504722554E-002   0.0000000000000000     
  0.48692945150124906        0.0000000000000000     
 -0.23575891283440656        0.0000000000000000     
    </DISPLACEMENT.7>
    <OMEGA.8>
   1.100168338994730E+01   3.669766565624310E+02
    </OMEGA.8>
    <DISPLACEMENT.8>
   4.4277576504722291E-002   0.0000000000000000     
  0.48692945150124878        0.0000000000000000     
  0.23575891283440709        0.0000000000000000     
  0.45002629412577710        0.0000000000000000     
  -4.7908436290665483E-002   0.0000000000000000     
   2.3196051955084437E-002   0.0000000000000000     
   4.4277576504722291E-002   0.0000000000000000     
 -0.48692945150124878        0.0000000000000000     
 -0.23575891283440681        0.0000000000000000     
  0.45002629412577677        0.0000000000000000     
   4.7908436290665421E-002   0.0000000000000000     
  -2.3196051955084351E-002   0.0000000000000000     
    </DISPLACEMENT.8>
    <OMEGA.9>
   1.235153513501590E+01   4.120028641619766E+02
    </OMEGA.9>
    <DISPLACEMENT.9>
 -0.16595042240450755        0.0000000000000000     
 -0.42870235734701728        0.0000000000000000     
  0.32989725632028105       -0.0000000000000000     
  0.29103096181873195       -0.0000000000000000     
 -0.24445281300292637        0.0000000000000000     
 -0.18811259356842680        0.0000000000000000     
 -0.16595042240447538        0.0000000000000000     
  0.42870235734702222        0.0000000000000000     
 -0.32989725632030131        0.0000000000000000     
  0.29103096181876142        0.0000000000000000     
  0.24445281300292102       -0.0000000000000000     
  0.18811259356840468        0.0000000000000000     
    </DISPLACEMENT.9>
    <OMEGA.10>
   1.235153513501591E+01   4.120028641619766E+02
    </OMEGA.10>
    <DISPLACEMENT.10>
  0.29103096181873489        0.0000000000000000     
 -0.24445281300292637        0.0000000000000000     
  0.18811259356842719        0.0000000000000000     
  0.16595042240450761        0.0000000000000000     
  0.42870235734701745        0.0000000000000000     
  0.32989725632028261        0.0000000000000000     
  0.29103096181875948        0.0000000000000000     
  0.24445281300292102        0.0000000000000000     
 -0.18811259356840462        0.0000000000000000     
  0.16595042240447533        0.0000000000000000     
 -0.42870235734702178        0.0000000000000000     
 -0.32989725632029959        0.0000000000000000     
    </DISPLACEMENT.10>
    <OMEGA.11>
   1.236338116656386E+01   4.123980052414747E+02
    </OMEGA.11>
    <DISPLACEMENT.11>
 -0.57445078542425432        0.0000000000000000     
   6.5824882514083170E-003   0.0000000000000000     
  -2.7150495663130436E-002   0.0000000000000000     
  -3.9190411956307583E-002   0.0000000000000000     
  -9.6485731006715370E-002   0.0000000000000000     
 -0.39797039071006457        0.0000000000000000     
  0.57445078542425365        0.0000000000000000     
   6.5824882513735713E-003   0.0000000000000000     
  -2.7150495663103635E-002   0.0000000000000000     
   3.9190411956283797E-002   0.0000000000000000     
  -9.6485731006712747E-002   0.0000000000000000     
 -0.39797039071006340        0.0000000000000000     
    </DISPLACEMENT.11>
    <OMEGA.12>
   1.236338116656387E+01   4.123980052414749E+02
    </OMEGA.12>
    <DISPLACEMENT.12>
   3.9190411956308333E-002   0.0000000000000000     
   9.6485731006717035E-002   0.0000000000000000     
 -0.39797039071006612        0.0000000000000000     
 -0.57445078542425576        0.0000000000000000     
   6.5824882514092858E-003   0.0000000000000000     
   2.7150495663131272E-002   0.0000000000000000     
  -3.9190411956283151E-002   0.0000000000000000     
   9.6485731006711095E-002  -0.0000000000000000     
 -0.39797039071006207        0.0000000000000000     
  0.57445078542425210       -0.0000000000000000     
   6.5824882513725929E-003   0.0000000000000000     
   2.7150495663102826E-002  -0.0000000000000000     
    </DISPLACEMENT.12>
  </FREQUENCIES_THZ_CMM1>
</Root>
