<?xml version="1.0" encoding="UTF-8"?>
<Root>
  <GEOMETRY_INFO>
    <NUMBER_OF_TYPES>1</NUMBER_OF_TYPES>
    <NUMBER_OF_ATOMS>4</NUMBER_OF_ATOMS>
    <BRAVAIS_LATTICE_INDEX>0</BRAVAIS_LATTICE_INDEX>
    <SPIN_COMPONENTS>1</SPIN_COMPONENTS>
    <CELL_DIMENSIONS>
   6.240763173388723E+00   0.000000000000000E+00   0.000000000000000E+00
   0.000000000000000E+00   0.000000000000000E+00   0.000000000000000E+00
    </CELL_DIMENSIONS>
    <AT>
   1.000000000000000E+00   0.000000000000000E+00   0.000000000000000E+00
   0.000000000000000E+00   3.633644294051272E+00   0.000000000000000E+00
   0.000000000000000E+00   0.000000000000000E+00   1.401288245904092E+00
    </AT>
    <BG>
   1.000000000000000E+00   0.000000000000000E+00   0.000000000000000E+00
   0.000000000000000E+00   2.752058041666667E-01   0.000000000000000E+00
   0.000000000000000E+00   0.000000000000000E+00   7.136290502135868E-01
    </BG>
    <UNIT_CELL_VOLUME_AU>1237.6076822045600</UNIT_CELL_VOLUME_AU>
    <TYPE_NAME.1>P</TYPE_NAME.1>
    <MASS.1>30.973761000000000</MASS.1>
    <ATOM.1 SPECIES="P" INDEX="1" TAU="0.0000000000000000 0.31928483400294072 1.2767582427134956"/>
    <ATOM.2 SPECIES="P" INDEX="1" TAU="0.50000001430000007 0.31928483400294072 0.82517432680711877"/>
    <ATOM.3 SPECIES="P" INDEX="1" TAU="0.0000000000000000 -0.31928476641715686 0.12453023958792314"/>
    <ATOM.4 SPECIES="P" INDEX="1" TAU="0.50000001430000007 -0.31928476641715686 0.57611415549430001"/>
    <NUMBER_OF_Q>2</NUMBER_OF_Q>
  </GEOMETRY_INFO>
  <DIELECTRIC_PROPERTIES epsil="false" zstar="false" raman="false">
  </DIELECTRIC_PROPERTIES>
  <DYNAMICAL_MAT_.1>
    <Q_POINT>
  -5.000000000000000E-01   0.000000000000000E+00   2.378763500711956E-01
    </Q_POINT>
    <PHI.1.1>
   2.806189240049521E-01   0.000000000000000E+00
   0.000000000000000E+00   0.000000000000000E+00
   0.000000000000000E+00   0.000000000000000E+00
   0.000000000000000E+00   0.000000000000000E+00
   2.005078876638747E-01   0.000000000000000E+00
  -2.921170395090901E-02  -4.916049885918235E-03
   0.000000000000000E+00   0.000000000000000E+00
  -2.921170395090901E-02   4.916049885918235E-03
   2.043735602279183E-01   0.000000000000000E+00
    </PHI.1.1>
    <PHI.1.2>
  -1.093928208411950E-31  -2.773339119917620E-31
  -3.437295682271990E-02   2.990698300801673E-03
   1.321434306442160E-01   7.296144768789560E-04
   3.437295682271990E-02  -2.990698300801674E-03
   1.456331475872591E-31  -1.867091635734092E-32
  -2.653487805442081E-21   1.296360058447585E-23
   1.321434306442160E-01   7.296144768789559E-04
  -2.653487805296836E-21   1.296360306332744E-23
  -2.402988053650128E-33  -1.765460610844992E-32
    </PHI.1.2>
    <PHI.1.3>
   1.577257376307927E-02  -2.672699354976487E-02
   0.000000000000000E+00   0.000000000000000E+00
   0.000000000000000E+00   0.000000000000000E+00
   0.000000000000000E+00   0.000000000000000E+00
   9.174400523708853E-02  -1.345604561157513E-01
  -3.652519950033003E-03   1.993407121702290E-02
   0.000000000000000E+00   0.000000000000000E+00
  -3.652519950033003E-03   1.993407121702290E-02
   1.469157866215465E-02  -7.113231655436482E-03
    </PHI.1.3>
    <PHI.1.4>
   1.766922624891067E-21  -1.020135120645370E-21
   2.690156192324663E-02   3.142137369215535E-03
   3.051334850835661E-02  -1.941210702756766E-02
  -1.072960975581803E-02   2.486850489364305E-02
  -7.964575952877247E-23   4.598613049340771E-23
   6.177055632052562E-22   6.430984553504854E-22
   3.206805179739840E-02  -1.671928199300266E-02
   2.480878392262766E-22   8.565048413987781E-22
   1.562008914483775E-22  -9.021182404448137E-23
    </PHI.1.4>
    <PHI.2.1>
  -1.093928208411950E-31   2.773339119917620E-31
   3.437295682271990E-02   2.990698300801674E-03
   1.321434306442160E-01  -7.296144768789559E-04
  -3.437295682271990E-02  -2.990698300801673E-03
   1.456331475872591E-31   1.867091635734092E-32
  -2.653487805296836E-21  -1.296360306332744E-23
   1.321434306442160E-01  -7.296144768789560E-04
  -2.653487805442081E-21  -1.296360058447586E-23
  -2.402988053650128E-33   1.765460610844992E-32
    </PHI.2.1>
    <PHI.2.2>
   2.806189240049521E-01   0.000000000000000E+00
   0.000000000000000E+00   0.000000000000000E+00
   0.000000000000000E+00   0.000000000000000E+00
   0.000000000000000E+00   0.000000000000000E+00
   2.005078876638747E-01   0.000000000000000E+00
   2.921170395090901E-02  -4.916049885918235E-03
   0.000000000000000E+00   0.000000000000000E+00
   2.921170395090901E-02   4.916049885918235E-03
   2.043735602279183E-01   0.000000000000000E+00
    </PHI.2.2>
    <PHI.2.3>
   1.766924125304509E-21  -1.020132503204886E-21
   1.072960752139400E-02  -2.486850585769356E-02
  -3.206805029517831E-02   1.671928487430263E-02
  -2.690156220556615E-02  -3.142134952122280E-03
  -7.964803161498909E-23   4.598219400702333E-23
   2.480869090372174E-22   8.564979083607364E-22
  -3.051334676418739E-02   1.941210976917823E-02
   6.177110978611444E-22   6.431027245526366E-22
   1.562261666424579E-22  -9.016804448808347E-23
    </PHI.2.3>
    <PHI.2.4>
  -3.103254223080672E-02   2.959561017227644E-04
   0.000000000000000E+00   0.000000000000000E+00
   0.000000000000000E+00   0.000000000000000E+00
   0.000000000000000E+00   0.000000000000000E+00
  -1.624047746594194E-01   1.217242846950364E-02
  -1.908967277655499E-02  -6.803858504906266E-03
   0.000000000000000E+00   0.000000000000000E+00
  -1.908967277655499E-02  -6.803858504906266E-03
  -1.350602766855940E-02   9.166665958040004E-03
    </PHI.2.4>
    <PHI.3.1>
   1.577257376307927E-02   2.672699354976487E-02
   0.000000000000000E+00   0.000000000000000E+00
   0.000000000000000E+00   0.000000000000000E+00
   0.000000000000000E+00   0.000000000000000E+00
   9.174400523708853E-02   1.345604561157513E-01
  -3.652519950033003E-03  -1.993407121702290E-02
   0.000000000000000E+00   0.000000000000000E+00
  -3.652519950033003E-03  -1.993407121702290E-02
   1.469157866215465E-02   7.113231655436482E-03
    </PHI.3.1>
    <PHI.3.2>
   1.766922525494593E-21   1.020135275262107E-21
  -2.690156220556615E-02   3.142134952122279E-03
  -3.051334676418739E-02  -1.941210976917823E-02
   1.072960752139400E-02   2.486850585769356E-02
  -7.964575498800562E-23  -4.598613730455801E-23
   6.177056189794171E-22  -6.430983989566116E-22
  -3.206805029517831E-02  -1.671928487430263E-02
   2.480879142115373E-22  -8.565048159905491E-22
   1.562008827105245E-22   9.021183750278377E-23
    </PHI.3.2>
    <PHI.3.3>
   2.806189240049521E-01   0.000000000000000E+00
   0.000000000000000E+00   0.000000000000000E+00
   0.000000000000000E+00   0.000000000000000E+00
   0.000000000000000E+00   0.000000000000000E+00
   2.005078876638747E-01   0.000000000000000E+00
  -2.921170395090901E-02   4.916049885918235E-03
   0.000000000000000E+00   0.000000000000000E+00
  -2.921170395090901E-02  -4.916049885918235E-03
   2.043735602279183E-01   0.000000000000000E+00
    </PHI.3.3>
    <PHI.3.4>
   1.093928208411950E-31  -2.773339119917620E-31
   3.437295655400686E-02   2.990701389196376E-03
  -1.321434307097710E-01   7.296026038511286E-04
  -3.437295655400686E-02  -2.990701389196375E-03
  -1.456331475872591E-31  -1.867091635734092E-32
  -2.653487804154240E-21  -1.296384103308011E-23
  -1.321434307097709E-01   7.296026038511289E-04
  -2.653487804299485E-21  -1.296383855422852E-23
   2.402988053650128E-33  -1.765460610844992E-32
    </PHI.3.4>
    <PHI.4.1>
   1.766924223123261E-21   1.020132350165870E-21
  -1.072960975581803E-02  -2.486850489364305E-02
   3.206805179739840E-02   1.671928199300266E-02
   2.690156192324663E-02  -3.142137369215536E-03
  -7.964803609600902E-23  -4.598218719587304E-23
   2.480868328125310E-22  -8.564979334591089E-22
   3.051334850835660E-02   1.941210702756766E-02
   6.177110420869837E-22  -6.431027815662232E-22
   1.562261753803109E-22   9.016803092934598E-23
    </PHI.4.1>
    <PHI.4.2>
  -3.103254223080672E-02  -2.959561017227644E-04
   0.000000000000000E+00   0.000000000000000E+00
   0.000000000000000E+00   0.000000000000000E+00
   0.000000000000000E+00   0.000000000000000E+00
  -1.624047746594194E-01  -1.217242846950364E-02
  -1.908967277655499E-02   6.803858504906266E-03
   0.000000000000000E+00   0.000000000000000E+00
  -1.908967277655499E-02   6.803858504906266E-03
  -1.350602766855940E-02  -9.166665958040004E-03
    </PHI.4.2>
    <PHI.4.3>
   1.093928208411950E-31   2.773339119917620E-31
  -3.437295655400686E-02   2.990701389196375E-03
  -1.321434307097709E-01  -7.296026038511289E-04
   3.437295655400686E-02  -2.990701389196376E-03
  -1.456331475872591E-31   1.867091635734092E-32
  -2.653487804299485E-21   1.296383855422852E-23
  -1.321434307097710E-01  -7.296026038511286E-04
  -2.653487804154240E-21   1.296384103308011E-23
   2.402988053650128E-33   1.765460610844992E-32
    </PHI.4.3>
    <PHI.4.4>
   2.806189240049521E-01   0.000000000000000E+00
   0.000000000000000E+00   0.000000000000000E+00
   0.000000000000000E+00   0.000000000000000E+00
   0.000000000000000E+00   0.000000000000000E+00
   2.005078876638747E-01   0.000000000000000E+00
   2.921170395090901E-02   4.916049885918235E-03
   0.000000000000000E+00   0.000000000000000E+00
   2.921170395090901E-02  -4.916049885918235E-03
   2.043735602279183E-01   0.000000000000000E+00
    </PHI.4.4>
  </DYNAMICAL_MAT_.1>
  <DYNAMICAL_MAT_.2>
    <Q_POINT>
   5.000000000000000E-01   0.000000000000000E+00  -2.378763500711956E-01
    </Q_POINT>
    <PHI.1.1>
   2.806189240049521E-01   0.000000000000000E+00
   0.000000000000000E+00   0.000000000000000E+00
   0.000000000000000E+00   0.000000000000000E+00
   0.000000000000000E+00   0.000000000000000E+00
   2.005078876638747E-01   0.000000000000000E+00
  -2.921170395090901E-02   4.916049885918235E-03
   0.000000000000000E+00   0.000000000000000E+00
  -2.921170395090901E-02  -4.916049885918235E-03
   2.043735602279183E-01   0.000000000000000E+00
    </PHI.1.1>
    <PHI.1.2>
  -1.093928208411950E-31   2.773339119917620E-31
  -3.437295682271990E-02  -2.990698300801673E-03
   1.321434306442160E-01  -7.296144768789559E-04
   3.437295682271990E-02   2.990698300801673E-03
   1.456331475872591E-31   1.867091635734092E-32
   2.653487805296836E-21   1.296360058447585E-23
   1.321434306442160E-01  -7.296144768789560E-04
   2.653487805451764E-21   1.296360058447586E-23
  -2.402988053650128E-33   1.765460610844992E-32
    </PHI.1.2>
    <PHI.1.3>
   1.577257376307927E-02   2.672699354976488E-02
   0.000000000000000E+00   0.000000000000000E+00
   0.000000000000000E+00   0.000000000000000E+00
   0.000000000000000E+00   0.000000000000000E+00
   9.174400523708851E-02   1.345604561157513E-01
  -3.652519950032997E-03  -1.993407121702290E-02
   0.000000000000000E+00   0.000000000000000E+00
  -3.652519950032998E-03  -1.993407121702290E-02
   1.469157866215465E-02   7.113231655436487E-03
    </PHI.1.3>
    <PHI.1.4>
  -1.766922620157902E-21  -1.020135119067648E-21
   2.690156192324663E-02  -3.142137369215526E-03
   3.051334850835660E-02   1.941210702756768E-02
  -1.072960975581802E-02  -2.486850489364305E-02
   7.964575917029088E-23   4.598613037391386E-23
  -6.177055625855434E-22   6.430984541110595E-22
   3.206805179739840E-02   1.671928199300267E-02
  -2.480878379868509E-22   8.565048390748547E-22
  -1.562008908457670E-22  -9.021182364274100E-23
    </PHI.1.4>
    <PHI.2.1>
  -1.093928208411950E-31  -2.773339119917620E-31
   3.437295682271990E-02  -2.990698300801673E-03
   1.321434306442160E-01   7.296144768789560E-04
  -3.437295682271990E-02   2.990698300801673E-03
   1.456331475872591E-31  -1.867091635734092E-32
   2.653487805451764E-21  -1.296360058447585E-23
   1.321434306442160E-01   7.296144768789559E-04
   2.653487805296836E-21  -1.296360058447586E-23
  -2.402988053650128E-33  -1.765460610844992E-32
    </PHI.2.1>
    <PHI.2.2>
   2.806189240049521E-01   0.000000000000000E+00
   0.000000000000000E+00   0.000000000000000E+00
   0.000000000000000E+00   0.000000000000000E+00
   0.000000000000000E+00   0.000000000000000E+00
   2.005078876638747E-01   0.000000000000000E+00
   2.921170395090901E-02   4.916049885918235E-03
   0.000000000000000E+00   0.000000000000000E+00
   2.921170395090901E-02  -4.916049885918235E-03
   2.043735602279183E-01   0.000000000000000E+00
    </PHI.2.2>
    <PHI.2.3>
  -1.766924124515648E-21  -1.020132504782608E-21
   1.072960752139400E-02   2.486850585769356E-02
  -3.206805029517831E-02  -1.671928487430263E-02
  -2.690156220556615E-02   3.142134952122274E-03
   7.964803170460949E-23   4.598219406677027E-23
  -2.480869090372174E-22   8.564979085156647E-22
  -3.051334676418739E-02  -1.941210976917824E-02
  -6.177110972414314E-22   6.431027245526366E-22
  -1.562261668433281E-22  -9.016804468895367E-23
    </PHI.2.3>
    <PHI.2.4>
  -3.103254223080672E-02  -2.959561017227713E-04
   0.000000000000000E+00   0.000000000000000E+00
   0.000000000000000E+00   0.000000000000000E+00
   0.000000000000000E+00   0.000000000000000E+00
  -1.624047746594194E-01  -1.217242846950368E-02
  -1.908967277655499E-02   6.803858504906262E-03
   0.000000000000000E+00   0.000000000000000E+00
  -1.908967277655499E-02   6.803858504906262E-03
  -1.350602766855940E-02  -9.166665958040006E-03
    </PHI.2.4>
    <PHI.3.1>
   1.577257376307927E-02  -2.672699354976488E-02
   0.000000000000000E+00   0.000000000000000E+00
   0.000000000000000E+00   0.000000000000000E+00
   0.000000000000000E+00   0.000000000000000E+00
   9.174400523708851E-02  -1.345604561157513E-01
  -3.652519950032997E-03   1.993407121702290E-02
   0.000000000000000E+00   0.000000000000000E+00
  -3.652519950032998E-03   1.993407121702290E-02
   1.469157866215465E-02  -7.113231655436487E-03
    </PHI.3.1>
    <PHI.3.2>
  -1.766922525494593E-21   1.020135275262107E-21
  -2.690156220556615E-02  -3.142134952122273E-03
  -3.051334676418739E-02   1.941210976917824E-02
   1.072960752139399E-02  -2.486850585769356E-02
   7.964575504775255E-23  -4.598613736430494E-23
  -6.177056183597041E-22  -6.430983983368987E-22
  -3.206805029517831E-02   1.671928487430263E-02
  -2.480879154509630E-22  -8.565048152159081E-22
  -1.562008828109596E-22   9.021183760321885E-23
    </PHI.3.2>
    <PHI.3.3>
   2.806189240049521E-01   0.000000000000000E+00
   0.000000000000000E+00   0.000000000000000E+00
   0.000000000000000E+00   0.000000000000000E+00
   0.000000000000000E+00   0.000000000000000E+00
   2.005078876638747E-01   0.000000000000000E+00
  -2.921170395090901E-02  -4.916049885918235E-03
   0.000000000000000E+00   0.000000000000000E+00
  -2.921170395090901E-02   4.916049885918235E-03
   2.043735602279183E-01   0.000000000000000E+00
    </PHI.3.3>
    <PHI.3.4>
   1.093928208411950E-31   2.773339119917620E-31
   3.437295655400686E-02  -2.990701389196375E-03
  -1.321434307097710E-01  -7.296026038511289E-04
  -3.437295655400686E-02   2.990701389196376E-03
  -1.456331475872591E-31   1.867091635734092E-32
   2.653487804289802E-21  -1.296383855422852E-23
  -1.321434307097710E-01  -7.296026038511286E-04
   2.653487804154240E-21  -1.296383855422852E-23
   2.402988053650128E-33   1.765460610844992E-32
    </PHI.3.4>
    <PHI.4.1>
  -1.766924218390096E-21   1.020132345432705E-21
  -1.072960975581802E-02   2.486850489364305E-02
   3.206805179739840E-02  -1.671928199300267E-02
   2.690156192324663E-02   3.142137369215527E-03
   7.964803576740089E-23  -4.598218695688532E-23
  -2.480868334322439E-22  -8.564979308253291E-22
   3.051334850835660E-02  -1.941210702756768E-02
  -6.177110408475578E-22  -6.431027803267975E-22
  -1.562261749785706E-22   9.016803062804070E-23
    </PHI.4.1>
    <PHI.4.2>
  -3.103254223080672E-02   2.959561017227713E-04
   0.000000000000000E+00   0.000000000000000E+00
   0.000000000000000E+00   0.000000000000000E+00
   0.000000000000000E+00   0.000000000000000E+00
  -1.624047746594194E-01   1.217242846950368E-02
  -1.908967277655499E-02  -6.803858504906262E-03
   0.000000000000000E+00   0.000000000000000E+00
  -1.908967277655499E-02  -6.803858504906262E-03
  -1.350602766855940E-02   9.166665958040006E-03
    </PHI.4.2>
    <PHI.4.3>
   1.093928208411950E-31  -2.773339119917620E-31
  -3.437295655400686E-02  -2.990701389196376E-03
  -1.321434307097710E-01   7.296026038511286E-04
   3.437295655400686E-02   2.990701389196375E-03
  -1.456331475872591E-31  -1.867091635734092E-32
   2.653487804154240E-21   1.296383855422852E-23
  -1.321434307097710E-01   7.296026038511289E-04
   2.653487804289802E-21   1.296383855422852E-23
   2.402988053650128E-33  -1.765460610844992E-32
    </PHI.4.3>
    <PHI.4.4>
   2.806189240049521E-01   0.000000000000000E+00
   0.000000000000000E+00   0.000000000000000E+00
   0.000000000000000E+00   0.000000000000000E+00
   0.000000000000000E+00   0.000000000000000E+00
   2.005078876638747E-01   0.000000000000000E+00
   2.921170395090901E-02  -4.916049885918235E-03
   0.000000000000000E+00   0.000000000000000E+00
   2.921170395090901E-02   4.916049885918235E-03
   2.043735602279183E-01   0.000000000000000E+00
    </PHI.4.4>
  </DYNAMICAL_MAT_.2>
  <FREQUENCIES_THZ_CMM1>
    <OMEGA.1>
   3.492818744777392E+00   1.165078924292816E+02
    </OMEGA.1>
    <DISPLACEMENT.1>
  -9.2811719728833050E-002   9.0281609988855562E-003
   2.7788553787442660E-005   1.5405362547645784E-004
  -1.9811506429600238E-005   1.0134232286508904E-005
   2.0826055974415505E-005   2.9572308050533416E-006
  0.15316655578238331      -0.67684023145549832     
   8.5760846044830155E-002   4.8752806137370285E-002
  -7.6223898118279204E-002  -5.3716295159844080E-002
   1.1195778289522639E-004  -1.0940830906950223E-004
  -1.0266399812501860E-005  -1.9743340303443869E-005
  -1.8683123730120019E-005  -9.6649215783023024E-006
  0.20134041727346830      -0.66410445646683891     
  -9.8649677245255349E-002   0.0000000000000000     
    </DISPLACEMENT.1>
    <OMEGA.2>
   3.492818744790789E+00   1.165078924297285E+02
    </OMEGA.2>
    <DISPLACEMENT.2>
   2.0936148651769422E-005  -2.0365414430966613E-006
  0.12318900853577608       0.68293276457276531     
  -8.7826086425980873E-002   4.4925909432968966E-002
   9.2323669553169424E-002   1.3109654897613987E-002
  -3.4550785848030325E-005   1.5267929276791326E-004
  -1.9345636600887810E-005  -1.0997490479597138E-005
   1.7194324816992823E-005   1.2117137263376370E-005
  0.49631833209332871      -0.48501629455011652     
  -4.5511819934917250E-002  -8.7523899830243265E-002
  -8.2823869308222484E-002  -4.2845416138852156E-002
  -4.5417679910719864E-005   1.4980640037909034E-004
   2.2253054907986292E-005   0.0000000000000000     
    </DISPLACEMENT.2>
    <OMEGA.3>
   4.281888053637954E+00   1.428284114351520E+02
    </OMEGA.3>
    <DISPLACEMENT.3>
   3.0177329478658762E-006  -2.0582585667197388E-006
   2.7450887942777214E-003   5.9700461316286965E-002
  0.48607338614528944      -0.23892456308675297     
 -0.40403312230390515       0.19958274446879082     
  -4.1060828969610616E-007  -2.5705782964531678E-007
  -3.6221326640051376E-006   2.4809089981750742E-006
  -3.6528193667595943E-006   7.1598251345504522E-009
   2.4429641992657833E-002   5.4542398058539783E-002
 -0.54159188200172226        5.5242116883181319E-003
 -0.45062428837598378        3.7130222159213067E-003
  -1.9350391585491373E-007   4.4411050360073016E-007
  -4.3903023293572315E-006   0.0000000000000000     
    </DISPLACEMENT.3>
    <OMEGA.4>
   4.281888053813596E+00   1.428284114410108E+02
    </OMEGA.4>
    <DISPLACEMENT.4>
  0.37228976884311377      -0.25392196404346368     
  -2.2251425841969221E-008  -4.8392434069625995E-007
  -3.9400481529156966E-006   1.9366917790312063E-006
   3.2750403187521050E-006  -1.6177921321093956E-006
  -5.0655659854694071E-002  -3.1712532902796374E-002
 -0.44685297727254386       0.30606322915769602     
 -0.45063871962834862        8.8327836588974768E-004
  -1.9802351825610015E-007  -4.4211377413520008E-007
   4.3900739659769051E-006  -4.4778547483274209E-008
   3.6527023897932089E-006  -3.0097194336864775E-008
  -2.3872070627882734E-002   5.4788729336997875E-002
 -0.54162005459526041        0.0000000000000000     
    </DISPLACEMENT.4>
    <OMEGA.5>
   7.879587008842109E+00   2.628347311139532E+02
    </OMEGA.5>
    <DISPLACEMENT.5>
   1.8586243564090511E-005  -1.2719389762634753E-005
 -0.10450644739732989       -6.8084353170286341E-002
 -0.55754263763504608       0.21302600062039137     
  0.32398019627415953      -0.15246600941988817     
  -3.6559661083239911E-007  -7.8367432729589371E-006
  -2.9308127560200482E-005   2.3460515070991693E-005
   2.2458667613183236E-005  -1.6851037414297901E-006
  -7.4047731554983814E-002  0.10036936856326353     
 -0.59683782869106694       -4.2983676779899645E-003
 -0.35685705999627920       -2.9361374918084455E-002
  -4.6119417005269781E-006  -6.3465108381968901E-006
   3.7541471807942153E-005   0.0000000000000000     
    </DISPLACEMENT.5>
    <OMEGA.6>
   7.879587008867571E+00   2.628347311148025E+02
    </OMEGA.6>
    <DISPLACEMENT.6>
  0.29549350243253875      -0.20221929092992605     
   6.5733504731316796E-006   4.2824373384198264E-006
   3.5068870445025490E-005  -1.3399120650024891E-005
  -2.0378028005947503E-005   9.5899583075808157E-006
  -5.8124400066890698E-003 -0.12459250474127928     
 -0.46595543753017660       0.37298713108810083     
  0.35705925799781058       -2.6790630490976367E-002
   4.6575278659778263E-006  -6.3131323635529951E-006
   3.7540498256970801E-005   2.7036299801554244E-007
   2.2445949561744284E-005   1.8468009759213316E-006
  -7.3322979667994378E-002 -0.10090003641795151     
  0.59685330670213310        0.0000000000000000     
    </DISPLACEMENT.6>
    <OMEGA.7>
   1.070500115003580E+01   3.570804022706868E+02
    </OMEGA.7>
    <DISPLACEMENT.7>
  -7.1008099004487993E-005   2.4998323562824456E-005
 -0.43630805432356551       0.25115480819138652     
 -0.22406342584944955        6.7283762501857289E-002
 -0.40734425428282711       0.16092129842334246     
   8.4933132023262556E-005  -1.6547414518614223E-005
  -3.6666754743096753E-005   1.6506872503641189E-005
  -7.5011258248523454E-005   6.3543238301262991E-006
 -0.42571543407481943      -0.26871885891346536     
 -0.22113673478560700       -7.6354882150116848E-002
  0.40045124601015186       0.17738039731718830     
  -8.4239760440962483E-005   1.9776668040902515E-005
   4.0211040088929712E-005   0.0000000000000000     
    </DISPLACEMENT.7>
    <OMEGA.8>
   1.070500115004432E+01   3.570804022709711E+02
    </OMEGA.8>
    <DISPLACEMENT.8>
 -0.41312487866358499       0.14544016095568113     
   7.4992834366806524E-005  -4.3168607069396628E-005
   3.8512127374608887E-005  -1.1564764949435148E-005
   7.0014522623948930E-005  -2.7659228601292241E-005
  0.49414067191555971       -9.6272801451199319E-002
 -0.21332705378865413        9.6036928420092274E-002
 -0.43641524563919282        3.6969435528542656E-002
   7.3172169890196959E-005   4.6187524199401927E-005
   3.8009086380925377E-005   1.3123913192881437E-005
  -6.8829749091030011E-005  -3.0488226174361964E-005
 -0.49010663840722912       0.11506058808118570     
  0.23394769393715581        0.0000000000000000     
    </DISPLACEMENT.8>
    <OMEGA.9>
   1.224927297484419E+01   4.085917656689078E+02
    </OMEGA.9>
    <DISPLACEMENT.9>
 -0.36330246159008495       0.37637154891494246     
  -5.6780911216457830E-007  -2.9002794971015632E-007
   1.5939881713799308E-006  -8.0220959474928428E-007
   1.8156926765941504E-006  -1.0219076399903344E-006
   3.4487224423818748E-002  0.15632166692391075     
 -0.29588149720769930       0.33642842622736624     
  0.52254784303557178       -2.4248158052068064E-002
   2.2687108136962170E-007  -5.9586314814660745E-007
  -1.7205336185388706E-006   4.7339458279689202E-007
   2.0323240631561858E-006  -4.5901394182569829E-007
  -9.4607547399612538E-002 -0.12913266114101005     
 -0.44802895705935281        0.0000000000000000     
    </DISPLACEMENT.9>
    <OMEGA.10>
   1.224927297497042E+01   4.085917656731183E+02
    </OMEGA.10>
    <DISPLACEMENT.10>
  -1.4470103874289840E-006   1.4990650621316671E-006
  0.14256032032948163        7.2817492757805247E-002
 -0.40020403869776883       0.20141170218084289     
 -0.45586759708261820       0.25657154045766689     
   1.3736080477709014E-007   6.2261979249968918E-007
  -1.1784770307580857E-006   1.3399740342705109E-006
   2.0812754300828313E-006  -9.6578895926641362E-008
  -5.6960711623619979E-002  0.14960384191359608     
  0.43197602398872870      -0.11885563118455805     
 -0.51025757624198254       0.11524507508070699     
  -3.7681617526541772E-007  -5.1432766457340581E-007
  -1.7844714525524648E-006   0.0000000000000000     
    </DISPLACEMENT.10>
    <OMEGA.11>
   1.297482697426913E+01   4.327936420024660E+02
    </OMEGA.11>
    <DISPLACEMENT.11>
  -5.3028084218781151E-006   1.2583532960005767E-005
  0.29924060931961594      -0.36150281783163940     
 -0.26621409343581026       0.11979428568903004     
 -0.41311302346374373       0.15455673835726846     
  -1.1560393585855672E-005   8.7996750272722905E-006
  -4.0419156658499016E-006   8.0834368027210621E-006
  -1.3626524602022890E-005  -8.8481823137976113E-007
  0.46912388750767547       -1.2329141733163991E-002
 -0.25856100031252360       0.13552425445278288     
  0.37657745682659693      -0.22965098418470933     
   1.3040758817003653E-005  -6.4043414861602745E-006
   9.0376452125907646E-006   0.0000000000000000     
    </DISPLACEMENT.11>
    <OMEGA.12>
   1.297482697431144E+01   4.327936420038774E+02
    </OMEGA.12>
    <DISPLACEMENT.12>
 -0.17128647397255434       0.40646168253652565     
  -9.2641060178455998E-006   1.1191662975954439E-005
   8.2416473439764895E-006  -3.7086765618574127E-006
   1.2789449896494649E-005  -4.7848772425957411E-006
 -0.37341321394261712       0.28423898607847098     
 -0.13055826797241485       0.26110372095122497     
 -0.44015145727399985       -2.8580591245621852E-002
  -1.4523473772200733E-005   3.8169361521445393E-007
   8.0047169036085023E-006  -4.1956570740952271E-006
  -1.1658355186606566E-005   7.1096997374197456E-006
  0.42123060516926530      -0.20686712359049889     
  0.29192570018847697        0.0000000000000000     
    </DISPLACEMENT.12>
  </FREQUENCIES_THZ_CMM1>
</Root>
