Dynamical matrix file
phonons on a grid                                                          
  2    4   0   4.7478013   0.0000000   0.0000000   0.0000000   0.0000000   0.0000000
Basis vectors
      1.000000000    0.000000000    0.000000000
     -0.500000000    0.866025404    0.000000000
      0.000000000    0.000000000    3.067655790
           1  'B      '    9853.6237122476850     
           2  'N      '    12766.326079950019     
    1    1      0.5000000000      0.2886751346      2.3007418422
    2    1     -0.0000000001      0.5773502692      0.7669139474
    3    2      0.5000000000      0.2886751346      0.7669139474
    4    2     -0.0000000001      0.5773502692      2.3007418422

     Dynamical  Matrix in cartesian axes

     q = (    0.000000000   0.000000000   0.000000000 ) 

    1    1
  0.80061711   0.00000000     0.00000000   0.00000000    -0.00000000   0.00000000
  0.00000000   0.00000000     0.80061711   0.00000000     0.00000000   0.00000000
  0.00000000   0.00000000    -0.00000000   0.00000000     0.30724391   0.00000000
    1    2
  0.00001336   0.00000000     0.00000000   0.00000000    -0.00000000   0.00000000
  0.00000000   0.00000000     0.00001336   0.00000000    -0.00000000   0.00000000
 -0.00000000   0.00000000     0.00000000   0.00000000    -0.01029010   0.00000000
    1    3
 -0.00012879   0.00000000    -0.00000000   0.00000000    -0.00000000   0.00000000
 -0.00000000   0.00000000    -0.00012879   0.00000000    -0.00000000   0.00000000
  0.00000000   0.00000000    -0.00000000   0.00000000     0.01176238   0.00000000
    1    4
 -0.80004995   0.00000000    -0.00000000   0.00000000     0.00000000   0.00000000
 -0.00000000   0.00000000    -0.80004995   0.00000000     0.00000000   0.00000000
  0.00000000   0.00000000     0.00000000   0.00000000    -0.30890120   0.00000000
    2    1
  0.00001336   0.00000000     0.00000000   0.00000000     0.00000000   0.00000000
  0.00000000   0.00000000     0.00001336   0.00000000     0.00000000   0.00000000
  0.00000000   0.00000000    -0.00000000   0.00000000    -0.01029010   0.00000000
    2    2
  0.80061711   0.00000000     0.00000000   0.00000000     0.00000000   0.00000000
  0.00000000   0.00000000     0.80061711   0.00000000    -0.00000000   0.00000000
 -0.00000000   0.00000000     0.00000000   0.00000000     0.30724391   0.00000000
    2    3
 -0.80004995   0.00000000    -0.00000000   0.00000000    -0.00000000   0.00000000
 -0.00000000   0.00000000    -0.80004995   0.00000000     0.00000000   0.00000000
  0.00000000   0.00000000     0.00000000   0.00000000    -0.30890120   0.00000000
    2    4
 -0.00012879   0.00000000    -0.00000000   0.00000000     0.00000000   0.00000000
 -0.00000000   0.00000000    -0.00012879   0.00000000     0.00000000   0.00000000
  0.00000000   0.00000000    -0.00000000   0.00000000     0.01176238   0.00000000
    3    1
 -0.00012879   0.00000000    -0.00000000   0.00000000    -0.00000000   0.00000000
 -0.00000000   0.00000000    -0.00012879   0.00000000    -0.00000000   0.00000000
 -0.00000000   0.00000000    -0.00000000   0.00000000     0.01176238   0.00000000
    3    2
 -0.80004995   0.00000000    -0.00000000   0.00000000     0.00000000   0.00000000
 -0.00000000   0.00000000    -0.80004995   0.00000000     0.00000000   0.00000000
  0.00000000   0.00000000     0.00000000   0.00000000    -0.30890120   0.00000000
    3    3
  0.80200101   0.00000000     0.00000000   0.00000000     0.00000000   0.00000000
  0.00000000   0.00000000     0.80200101   0.00000000    -0.00000000   0.00000000
  0.00000000   0.00000000     0.00000000   0.00000000     0.30666538   0.00000000
    3    4
 -0.00014200   0.00000000    -0.00000000   0.00000000     0.00000000   0.00000000
 -0.00000000   0.00000000    -0.00014200   0.00000000     0.00000000   0.00000000
  0.00000000   0.00000000    -0.00000000   0.00000000    -0.01149918   0.00000000
    4    1
 -0.80004995   0.00000000    -0.00000000   0.00000000     0.00000000   0.00000000
 -0.00000000   0.00000000    -0.80004995   0.00000000     0.00000000   0.00000000
  0.00000000   0.00000000     0.00000000   0.00000000    -0.30890120   0.00000000
    4    2
 -0.00012879   0.00000000    -0.00000000   0.00000000     0.00000000   0.00000000
 -0.00000000   0.00000000    -0.00012879   0.00000000    -0.00000000   0.00000000
  0.00000000   0.00000000     0.00000000   0.00000000     0.01176238   0.00000000
    4    3
 -0.00014200   0.00000000    -0.00000000   0.00000000    -0.00000000   0.00000000
 -0.00000000   0.00000000    -0.00014200   0.00000000     0.00000000   0.00000000
  0.00000000   0.00000000     0.00000000   0.00000000    -0.01149918   0.00000000
    4    4
  0.80200101   0.00000000     0.00000000   0.00000000    -0.00000000   0.00000000
  0.00000000   0.00000000     0.80200101   0.00000000    -0.00000000   0.00000000
 -0.00000000   0.00000000    -0.00000000   0.00000000     0.30666538   0.00000000

     Dielectric Tensor:

          4.308660122435          0.000000000076          0.000000000000
          0.000000000076          4.308660122495          0.000000000000
          0.000000000000          0.000000000000          2.219783441717

     Effective Charges E-U: Z_{alpha}{s,beta}

     atom #    1
          2.694572597384         -0.000000000007          0.000000000000
         -0.000000000007          2.694572597378         -0.000000000000
         -0.000000000000         -0.000000000000          0.553072784231
     atom #    2
          2.694572597384         -0.000000000007          0.000000000000
         -0.000000000007          2.694572597378          0.000000000000
          0.000000000000          0.000000000000          0.553072784231
     atom #    3
         -2.694056124525         -0.000000000177         -0.000000000000
         -0.000000000177         -2.694056124665         -0.000000000000
          0.000000000000          0.000000000000         -0.549340919588
     atom #    4
         -2.694056124525         -0.000000000177         -0.000000000000
         -0.000000000177         -2.694056124665          0.000000000000
          0.000000000000          0.000000000000         -0.549340919588

     Effective Charges U-E: Z_{s,alpha}{beta}

     atom #    1
      0.269459150826E+01     -0.701819158344E-11      0.351101350059E-27
     -0.701824709459E-11      0.269459150826E+01     -0.101354229485E-26
      0.000000000000E+00     -0.259466827483E-25      0.553018174550E+00
     atom #    2
      0.269459150826E+01     -0.701841362805E-11      0.000000000000E+00
     -0.701821933902E-11      0.269459150826E+01     -0.253385573714E-26
      0.224704864038E-25     -0.324333534349E-25      0.553018174550E+00
     atom #    3
     -0.269402413911E+01     -0.176806125296E-09      0.561762160095E-26
     -0.176807013474E-09     -0.269402413925E+01     -0.324333534341E-26
      0.000000000000E+00     -0.291900180919E-25     -0.549347384772E+00
     atom #    4
     -0.269402413911E+01     -0.176807901653E-09      0.702202700119E-26
     -0.176806125296E-09     -0.269402413925E+01     -0.810833835724E-27
     -0.449409728076E-25     -0.129733413752E-25     -0.549347384772E+00

     Diagonalizing the dynamical matrix

     q = (    0.000000000   0.000000000   0.000000000 ) 

 **************************************************************************
     freq (    1) =      -1.641289 [THz] =     -54.747499 [cm-1]
 (  0.000000  0.000000  0.000000  0.000000 -0.500528  0.000000 ) 
 (  0.000000  0.000000  0.000000  0.000000  0.500528  0.000000 ) 
 (  0.000000  0.000000  0.000000  0.000000  0.499471  0.000000 ) 
 (  0.000000  0.000000  0.000000  0.000000 -0.499471  0.000000 ) 
     freq (    2) =      -1.016509 [THz] =     -33.907076 [cm-1]
 ( -0.000000  0.000000  0.000000  0.000000 -0.499365  0.000000 ) 
 ( -0.000000  0.000000  0.000000  0.000000 -0.499365  0.000000 ) 
 ( -0.000000  0.000000  0.000000  0.000000 -0.500635  0.000000 ) 
 ( -0.000000  0.000000  0.000000  0.000000 -0.500635  0.000000 ) 
     freq (    3) =       1.009941 [THz] =      33.688003 [cm-1]
 (  0.412720  0.000000 -0.282509  0.000000 -0.000000  0.000000 ) 
 (  0.412720  0.000000 -0.282509  0.000000 -0.000000  0.000000 ) 
 (  0.412474  0.000000 -0.282341  0.000000 -0.000000  0.000000 ) 
 (  0.412474  0.000000 -0.282341  0.000000 -0.000000  0.000000 ) 
     freq (    4) =       1.009941 [THz] =      33.688003 [cm-1]
 (  0.282509  0.000000  0.412720  0.000000  0.000000  0.000000 ) 
 (  0.282509  0.000000  0.412720  0.000000 -0.000000  0.000000 ) 
 (  0.282341  0.000000  0.412474  0.000000 -0.000000  0.000000 ) 
 (  0.282341  0.000000  0.412474  0.000000  0.000000  0.000000 ) 
     freq (    5) =       1.178770 [THz] =      39.319537 [cm-1]
 (  0.413275 -0.000000 -0.281756  0.000000 -0.000000  0.000000 ) 
 ( -0.413275  0.000000  0.281756 -0.000000 -0.000000  0.000000 ) 
 ( -0.412974  0.000000  0.281550 -0.000000 -0.000000  0.000000 ) 
 (  0.412974 -0.000000 -0.281550  0.000000 -0.000000  0.000000 ) 
     freq (    6) =       1.178770 [THz] =      39.319537 [cm-1]
 ( -0.281756  0.000000 -0.413275  0.000000 -0.000000  0.000000 ) 
 (  0.281756  0.000000  0.413275  0.000000  0.000000  0.000000 ) 
 (  0.281550  0.000000  0.412974  0.000000  0.000000  0.000000 ) 
 ( -0.281550  0.000000 -0.412974  0.000000 -0.000000  0.000000 ) 
     freq (    7) =      24.029962 [THz] =     801.553267 [cm-1]
 ( -0.000000  0.000000  0.000000 -0.000000  0.560292 -0.000000 ) 
 (  0.000000  0.000000 -0.000000  0.000000  0.560292  0.000000 ) 
 (  0.000000  0.000000 -0.000000  0.000000 -0.431362  0.000000 ) 
 ( -0.000000  0.000000  0.000000 -0.000000 -0.431362  0.000000 ) 
     freq (    8) =      24.923928 [THz] =     831.372736 [cm-1]
 ( -0.000000  0.000000 -0.000000  0.000000 -0.559320  0.000000 ) 
 (  0.000000  0.000000  0.000000  0.000000  0.559320  0.000000 ) 
 (  0.000000  0.000000  0.000000  0.000000 -0.432622  0.000000 ) 
 ( -0.000000  0.000000 -0.000000  0.000000  0.432622  0.000000 ) 
     freq (    9) =      39.471800 [THz] =    1316.637514 [cm-1]
 ( -0.462648  0.000000  0.314833  0.000000 -0.000000  0.000000 ) 
 (  0.462648  0.000000 -0.314833  0.000000 -0.000000  0.000000 ) 
 ( -0.357352  0.000000  0.243180  0.000000 -0.000000  0.000000 ) 
 (  0.357352  0.000000 -0.243180  0.000000  0.000000  0.000000 ) 
     freq (   10) =      39.471800 [THz] =    1316.637514 [cm-1]
 ( -0.314833  0.000000 -0.462648  0.000000  0.000000  0.000000 ) 
 (  0.314833  0.000000  0.462648  0.000000  0.000000  0.000000 ) 
 ( -0.243180  0.000000 -0.357352  0.000000  0.000000  0.000000 ) 
 (  0.243180  0.000000  0.357352  0.000000 -0.000000  0.000000 ) 
     freq (   11) =      39.473802 [THz] =    1316.704318 [cm-1]
 ( -0.462672  0.000000  0.314846  0.000000 -0.000000  0.000000 ) 
 ( -0.462672  0.000000  0.314846  0.000000 -0.000000  0.000000 ) 
 (  0.357324  0.000000 -0.243158  0.000000 -0.000000  0.000000 ) 
 (  0.357324  0.000000 -0.243158  0.000000 -0.000000  0.000000 ) 
     freq (   12) =      39.473802 [THz] =    1316.704318 [cm-1]
 (  0.314846  0.000000  0.462672  0.000000 -0.000000  0.000000 ) 
 (  0.314846  0.000000  0.462672  0.000000 -0.000000  0.000000 ) 
 ( -0.243158  0.000000 -0.357324  0.000000 -0.000000  0.000000 ) 
 ( -0.243158  0.000000 -0.357324  0.000000 -0.000000  0.000000 ) 
 **************************************************************************
