Dynamical matrix file
phonons on a grid                                                          
  2    4   0   4.7478013   0.0000000   0.0000000   0.0000000   0.0000000   0.0000000
Basis vectors
      1.000000000    0.000000000    0.000000000
     -0.500000000    0.866025404    0.000000000
      0.000000000    0.000000000    3.067655790
           1  'B      '    9853.6237122476850     
           2  'N      '    12766.326079950019     
    1    1      0.5000000000      0.2886751346      2.3007418422
    2    1     -0.0000000001      0.5773502692      0.7669139474
    3    2      0.5000000000      0.2886751346      0.7669139474
    4    2     -0.0000000001      0.5773502692      2.3007418422

     Dynamical  Matrix in cartesian axes

     q = (    0.000000000   0.000000000  -0.162990907 ) 

    1    1
  0.80060596   0.00000000     0.00000000   0.00000000     0.00000000   0.00000000
  0.00000000   0.00000000     0.80060596   0.00000000     0.00000000   0.00000000
  0.00000000   0.00000000    -0.00000000   0.00000000     0.31943934   0.00000000
    1    2
 -0.00000000  -0.00000000    -0.00000000  -0.00000000     0.00000000   0.00000000
 -0.00000000  -0.00000000     0.00000000  -0.00000000     0.00000000   0.00000000
 -0.00000000   0.00000000     0.00000000   0.00000000     0.00000000  -0.00000000
    1    3
 -0.00000000  -0.00000000    -0.00000000  -0.00000000     0.00000000   0.00000000
 -0.00000000  -0.00000000    -0.00000000  -0.00000000     0.00000000  -0.00000000
  0.00000000   0.00000000     0.00000000  -0.00000000     0.00000000   0.00000000
    1    4
 -0.80005154   0.00000000    -0.00000000   0.00000000     0.00000000   0.00000000
 -0.00000000   0.00000000    -0.80005154   0.00000000     0.00000000   0.00000000
  0.00000000   0.00000000     0.00000000   0.00000000    -0.32116503   0.00000000
    2    1
 -0.00000000  -0.00000000    -0.00000000  -0.00000000     0.00000000   0.00000000
 -0.00000000  -0.00000000    -0.00000000  -0.00000000     0.00000000   0.00000000
 -0.00000000   0.00000000     0.00000000   0.00000000     0.00000000   0.00000000
    2    2
  0.80060596   0.00000000     0.00000000   0.00000000     0.00000000   0.00000000
  0.00000000   0.00000000     0.80060596   0.00000000     0.00000000   0.00000000
  0.00000000   0.00000000     0.00000000   0.00000000     0.31943934   0.00000000
    2    3
 -0.80005154   0.00000000    -0.00000000   0.00000000    -0.00000000   0.00000000
 -0.00000000   0.00000000    -0.80005154   0.00000000    -0.00000000   0.00000000
  0.00000000   0.00000000     0.00000000   0.00000000    -0.32116503   0.00000000
    2    4
 -0.00000000  -0.00000000    -0.00000000  -0.00000000     0.00000000   0.00000000
 -0.00000000  -0.00000000     0.00000000  -0.00000000     0.00000000   0.00000000
  0.00000000   0.00000000     0.00000000   0.00000000     0.00000000  -0.00000000
    3    1
 -0.00000000   0.00000000    -0.00000000   0.00000000     0.00000000   0.00000000
 -0.00000000   0.00000000    -0.00000000   0.00000000     0.00000000   0.00000000
  0.00000000   0.00000000    -0.00000000  -0.00000000     0.00000000  -0.00000000
    3    2
 -0.80005154   0.00000000    -0.00000000   0.00000000     0.00000000   0.00000000
 -0.00000000   0.00000000    -0.80005154   0.00000000     0.00000000   0.00000000
 -0.00000000   0.00000000    -0.00000000   0.00000000    -0.32116503   0.00000000
    3    3
  0.80200988   0.00000000     0.00000000   0.00000000     0.00000000   0.00000000
  0.00000000   0.00000000     0.80200988   0.00000000     0.00000000   0.00000000
  0.00000000   0.00000000     0.00000000   0.00000000     0.31866116   0.00000000
    3    4
  0.00000000   0.00000000     0.00000000   0.00000000    -0.00000000   0.00000000
 -0.00000000   0.00000000    -0.00000000   0.00000000    -0.00000000   0.00000000
 -0.00000000   0.00000000     0.00000000   0.00000000     0.00000000   0.00000000
    4    1
 -0.80005154   0.00000000    -0.00000000   0.00000000    -0.00000000   0.00000000
 -0.00000000   0.00000000    -0.80005154   0.00000000     0.00000000   0.00000000
  0.00000000   0.00000000    -0.00000000   0.00000000    -0.32116503   0.00000000
    4    2
 -0.00000000   0.00000000    -0.00000000   0.00000000     0.00000000   0.00000000
 -0.00000000   0.00000000     0.00000000   0.00000000     0.00000000   0.00000000
  0.00000000   0.00000000     0.00000000   0.00000000     0.00000000   0.00000000
    4    3
  0.00000000   0.00000000     0.00000000   0.00000000     0.00000000   0.00000000
 -0.00000000   0.00000000    -0.00000000   0.00000000     0.00000000  -0.00000000
  0.00000000  -0.00000000    -0.00000000  -0.00000000     0.00000000  -0.00000000
    4    4
  0.80200988   0.00000000     0.00000000   0.00000000     0.00000000   0.00000000
  0.00000000   0.00000000     0.80200988   0.00000000     0.00000000   0.00000000
  0.00000000   0.00000000     0.00000000   0.00000000     0.31866116   0.00000000

     Diagonalizing the dynamical matrix

     q = (    0.000000000   0.000000000  -0.162990907 ) 

 **************************************************************************
     freq (    1) =      -1.422586 [THz] =     -47.452356 [cm-1]
 (  0.000000  0.000000 -0.000000  0.000000 -0.000000  0.000000 ) 
 (  0.000000  0.000000  0.000000  0.000000  0.706978  0.000000 ) 
 (  0.000000  0.000000  0.000000  0.000000  0.707235  0.000000 ) 
 (  0.000000  0.000000 -0.000000  0.000000  0.000000  0.000000 ) 
     freq (    2) =      -1.422586 [THz] =     -47.452356 [cm-1]
 (  0.000000  0.000000  0.000000  0.000000 -0.706978  0.000000 ) 
 (  0.000000  0.000000  0.000000  0.000000 -0.000000  0.000000 ) 
 (  0.000000  0.000000  0.000000  0.000000  0.000000  0.000000 ) 
 (  0.000000  0.000000  0.000000  0.000000 -0.707235  0.000000 ) 
     freq (    3) =       1.096410 [THz] =      36.572290 [cm-1]
 ( -0.047576  0.000000  0.031791 -0.000000  0.000000  0.000000 ) 
 (  0.583354  0.000000 -0.395931  0.000000  0.000000 -0.000000 ) 
 (  0.582961  0.000000 -0.395663  0.000000  0.000000 -0.000000 ) 
 ( -0.047544  0.000000  0.031770 -0.000000  0.000000  0.000000 ) 
     freq (    4) =       1.096410 [THz] =      36.572290 [cm-1]
 (  0.584275  0.000000 -0.394570  0.000000  0.000000 -0.000000 ) 
 (  0.047830 -0.000000 -0.031418  0.000000 -0.000000  0.000000 ) 
 (  0.047798 -0.000000 -0.031397  0.000000 -0.000000  0.000000 ) 
 (  0.583881  0.000000 -0.394303  0.000000  0.000000  0.000000 ) 
     freq (    5) =       1.096410 [THz] =      36.572290 [cm-1]
 ( -0.201832  0.000000 -0.300215  0.000000 -0.000000  0.000000 ) 
 ( -0.341422  0.000000 -0.502895  0.000000  0.000000  0.000000 ) 
 ( -0.341191  0.000000 -0.502556  0.000000  0.000000  0.000000 ) 
 ( -0.201696  0.000000 -0.300012  0.000000  0.000000  0.000000 ) 
     freq (    6) =       1.096410 [THz] =      36.572290 [cm-1]
 ( -0.340529  0.000000 -0.503500  0.000000  0.000000  0.000000 ) 
 (  0.202925  0.000000  0.299476  0.000000 -0.000000  0.000000 ) 
 (  0.202788  0.000000  0.299274  0.000000 -0.000000  0.000000 ) 
 ( -0.340300  0.000000 -0.503160  0.000000  0.000000  0.000000 ) 
     freq (    7) =      24.960887 [THz] =     832.605577 [cm-1]
 ( -0.000000  0.000000  0.000000  0.000000  0.000000  0.000000 ) 
 (  0.000000  0.000000 -0.000000  0.000000  0.791730  0.000000 ) 
 (  0.000000  0.000000  0.000000  0.000000 -0.610871  0.000000 ) 
 ( -0.000000  0.000000  0.000000  0.000000  0.000000  0.000000 ) 
     freq (    8) =      24.960887 [THz] =     832.605577 [cm-1]
 (  0.000000  0.000000  0.000000  0.000000 -0.791730  0.000000 ) 
 (  0.000000  0.000000  0.000000  0.000000 -0.000000  0.000000 ) 
 (  0.000000  0.000000  0.000000  0.000000  0.000000  0.000000 ) 
 (  0.000000  0.000000  0.000000  0.000000  0.610871  0.000000 ) 
     freq (    9) =      39.472774 [THz] =    1316.670026 [cm-1]
 ( -0.615009  0.000000  0.418523  0.000000 -0.000000  0.000000 ) 
 (  0.223300  0.000000 -0.151957  0.000000 -0.000000  0.000000 ) 
 ( -0.172469  0.000000  0.117367  0.000000  0.000000  0.000000 ) 
 (  0.475012  0.000000 -0.323253  0.000000  0.000000  0.000000 ) 
     freq (   10) =      39.472774 [THz] =    1316.670026 [cm-1]
 (  0.223297 -0.000000 -0.151961  0.000000 -0.000000  0.000000 ) 
 (  0.615005 -0.000000 -0.418529  0.000000 -0.000000  0.000000 ) 
 ( -0.475009  0.000000  0.323258 -0.000000  0.000000 -0.000000 ) 
 ( -0.172467  0.000000  0.117370 -0.000000  0.000000  0.000000 ) 
     freq (   11) =      39.472774 [THz] =    1316.670026 [cm-1]
 (  0.365842  0.000000  0.537599  0.000000  0.000000  0.000000 ) 
 ( -0.253794  0.000000 -0.372943  0.000000 -0.000000  0.000000 ) 
 (  0.196022  0.000000  0.288049  0.000000 -0.000000  0.000000 ) 
 ( -0.282564  0.000000 -0.415223  0.000000  0.000000  0.000000 ) 
     freq (   12) =      39.472774 [THz] =    1316.670026 [cm-1]
 (  0.253797  0.000000  0.372941  0.000000 -0.000000  0.000000 ) 
 (  0.365850  0.000000  0.537594  0.000000 -0.000000  0.000000 ) 
 ( -0.282570  0.000000 -0.415219  0.000000 -0.000000  0.000000 ) 
 ( -0.196024  0.000000 -0.288047  0.000000  0.000000  0.000000 ) 
 **************************************************************************
