Dynamical matrix file
phonons on a grid                                                          
  2    4   0   4.7478013   0.0000000   0.0000000   0.0000000   0.0000000   0.0000000
Basis vectors
      1.000000000    0.000000000    0.000000000
     -0.500000000    0.866025404    0.000000000
      0.000000000    0.000000000    3.067655790
           1  'B      '    9853.6237122476850     
           2  'N      '    12766.326079950019     
    1    1      0.5000000000      0.2886751346      2.3007418422
    2    1     -0.0000000001      0.5773502692      0.7669139474
    3    2      0.5000000000      0.2886751346      0.7669139474
    4    2     -0.0000000001      0.5773502692      2.3007418422

     Dynamical  Matrix in cartesian axes

     q = (    0.000000000   0.384900179   0.000000000 ) 

    1    1
  0.76888624   0.00000000     0.00000000   0.00000000     0.00000000   0.00000000
  0.00000000   0.00000000     1.24354995   0.00000000     0.00000000   0.00000000
  0.00000000   0.00000000     0.00000000   0.00000000     0.30796994   0.00000000
    1    2
  0.00000666   0.00002234     0.00000000   0.00000000     0.00000000   0.00000000
  0.00000000   0.00000000     0.00411240  -0.01822729     0.00000000   0.00000000
  0.00000000   0.00000000     0.00000000   0.00000000    -0.00337451   0.00347694
    1    3
 -0.00015680  -0.00009882    -0.00000000  -0.00000000     0.00000000   0.00000000
 -0.00000000  -0.00000000    -0.01002728   0.00226229     0.00000000   0.00000000
  0.00000000   0.00000000     0.00000000   0.00000000     0.00722376  -0.00025652
    1    4
 -0.58172725   0.11212344    -0.00000000   0.00000000     0.00000000   0.00000000
 -0.00000000   0.00000000    -0.26794860   0.46188516     0.00000000   0.00000000
  0.00000000   0.00000000     0.00000000   0.00000000    -0.15903728   0.11863077
    2    1
  0.00000666  -0.00002234     0.00000000  -0.00000000     0.00000000   0.00000000
  0.00000000  -0.00000000     0.00411240   0.01822729     0.00000000   0.00000000
  0.00000000   0.00000000     0.00000000   0.00000000    -0.00337451  -0.00347694
    2    2
  0.76888624   0.00000000     0.00000000   0.00000000     0.00000000   0.00000000
  0.00000000   0.00000000     1.24354995   0.00000000     0.00000000   0.00000000
  0.00000000   0.00000000     0.00000000   0.00000000     0.30796994   0.00000000
    2    3
 -0.58172725  -0.11212344    -0.00000000  -0.00000000     0.00000000   0.00000000
 -0.00000000  -0.00000000    -0.26794860  -0.46188516     0.00000000   0.00000000
  0.00000000   0.00000000     0.00000000   0.00000000    -0.15903728  -0.11863077
    2    4
 -0.00015680   0.00009882    -0.00000000   0.00000000     0.00000000   0.00000000
 -0.00000000   0.00000000    -0.01002728  -0.00226229     0.00000000   0.00000000
  0.00000000   0.00000000     0.00000000   0.00000000     0.00722376   0.00025652
    3    1
 -0.00015680   0.00009882    -0.00000000   0.00000000     0.00000000   0.00000000
 -0.00000000   0.00000000    -0.01002728  -0.00226229     0.00000000   0.00000000
  0.00000000   0.00000000     0.00000000   0.00000000     0.00722376   0.00025652
    3    2
 -0.58172725   0.11212344    -0.00000000   0.00000000     0.00000000   0.00000000
 -0.00000000   0.00000000    -0.26794860   0.46188516     0.00000000   0.00000000
  0.00000000   0.00000000     0.00000000   0.00000000    -0.15903728   0.11863077
    3    3
  0.86636084   0.00000000     0.00000000   0.00000000     0.00000000   0.00000000
  0.00000000   0.00000000     1.28253764   0.00000000     0.00000000   0.00000000
  0.00000000   0.00000000     0.00000000   0.00000000     0.19970685   0.00000000
    3    4
 -0.00020196  -0.00031511    -0.00000000  -0.00000000     0.00000000   0.00000000
 -0.00000000  -0.00000000     0.00323326  -0.00386541     0.00000000   0.00000000
  0.00000000   0.00000000     0.00000000   0.00000000    -0.00488923   0.00338631
    4    1
 -0.58172725  -0.11212344    -0.00000000  -0.00000000     0.00000000   0.00000000
 -0.00000000  -0.00000000    -0.26794860  -0.46188516     0.00000000   0.00000000
  0.00000000   0.00000000     0.00000000   0.00000000    -0.15903728  -0.11863077
    4    2
 -0.00015680  -0.00009882    -0.00000000  -0.00000000     0.00000000   0.00000000
 -0.00000000  -0.00000000    -0.01002728   0.00226229     0.00000000   0.00000000
  0.00000000   0.00000000     0.00000000   0.00000000     0.00722376  -0.00025652
    4    3
 -0.00020196   0.00031511    -0.00000000   0.00000000     0.00000000   0.00000000
 -0.00000000   0.00000000     0.00323326   0.00386541     0.00000000   0.00000000
  0.00000000   0.00000000     0.00000000   0.00000000    -0.00488923  -0.00338631
    4    4
  0.86636084   0.00000000     0.00000000   0.00000000     0.00000000   0.00000000
  0.00000000   0.00000000     1.28253764   0.00000000     0.00000000   0.00000000
  0.00000000   0.00000000     0.00000000   0.00000000     0.19970685   0.00000000

     Dynamical  Matrix in cartesian axes

     q = (   -0.333333333   0.192450090   0.000000000 ) 

    1    1
  1.12488402   0.00000000    -0.20553542   0.00000000     0.00000000   0.00000000
 -0.20553542   0.00000000     0.88755216   0.00000000     0.00000000   0.00000000
  0.00000000   0.00000000     0.00000000   0.00000000     0.30796994   0.00000000
    1    2
  0.01029115  -0.00950497    -0.00595469   0.00549082     0.00000000   0.00000000
 -0.00595469   0.00549082     0.00341527  -0.00316472     0.00000000   0.00000000
  0.00000000   0.00000000     0.00000000   0.00000000    -0.00132386   0.00466088
    1    3
 -0.00755966  -0.00167201     0.00427404   0.00102239     0.00000000   0.00000000
  0.00427404   0.00102239    -0.00262442  -0.00049146     0.00000000   0.00000000
  0.00000000   0.00000000     0.00000000   0.00000000     0.00722376   0.00025652
    1    4
 -0.15108202   0.48720773     0.19909572   0.04194136     0.00000000   0.00000000
  0.19909572   0.04194136     0.07881391   0.53563744     0.00000000   0.00000000
  0.00000000   0.00000000     0.00000000   0.00000000    -0.02321862   0.19704571
    2    1
  0.01029115   0.00950497    -0.00595469  -0.00549082     0.00000000   0.00000000
 -0.00595469  -0.00549082     0.00341527   0.00316472     0.00000000   0.00000000
  0.00000000   0.00000000     0.00000000   0.00000000    -0.00132386  -0.00466088
    2    2
  1.12488402   0.00000000    -0.20553542   0.00000000     0.00000000   0.00000000
 -0.20553542   0.00000000     0.88755216   0.00000000     0.00000000   0.00000000
  0.00000000   0.00000000     0.00000000   0.00000000     0.30796994   0.00000000
    2    3
 -0.15108202  -0.48720773     0.19909572  -0.04194136     0.00000000   0.00000000
  0.19909572  -0.04194136     0.07881391  -0.53563744     0.00000000   0.00000000
  0.00000000   0.00000000     0.00000000   0.00000000    -0.02321862  -0.19704571
    2    4
 -0.00755966   0.00167201     0.00427404  -0.00102239     0.00000000   0.00000000
  0.00427404  -0.00102239    -0.00262442   0.00049146     0.00000000   0.00000000
  0.00000000   0.00000000     0.00000000   0.00000000     0.00722376  -0.00025652
    3    1
 -0.00755966   0.00167201     0.00427404  -0.00102239     0.00000000   0.00000000
  0.00427404  -0.00102239    -0.00262442   0.00049146     0.00000000   0.00000000
  0.00000000   0.00000000     0.00000000   0.00000000     0.00722376  -0.00025652
    3    2
 -0.15108202   0.48720773     0.19909572   0.04194136     0.00000000   0.00000000
  0.19909572   0.04194136     0.07881391   0.53563744     0.00000000   0.00000000
  0.00000000   0.00000000     0.00000000   0.00000000    -0.02321862   0.19704571
    3    3
  1.17849344   0.00000000    -0.18020984   0.00000000     0.00000000   0.00000000
 -0.18020984   0.00000000     0.97040504   0.00000000     0.00000000   0.00000000
  0.00000000   0.00000000     0.00000000   0.00000000     0.19970685   0.00000000
    3    4
  0.00139165  -0.00354525    -0.00058762   0.00205687     0.00000000   0.00000000
 -0.00058762   0.00205687     0.00071313  -0.00117018     0.00000000   0.00000000
  0.00000000   0.00000000     0.00000000   0.00000000    -0.00048801   0.00592735
    4    1
 -0.15108202  -0.48720773     0.19909572  -0.04194136     0.00000000   0.00000000
  0.19909572  -0.04194136     0.07881391  -0.53563744     0.00000000   0.00000000
  0.00000000   0.00000000     0.00000000   0.00000000    -0.02321862  -0.19704571
    4    2
 -0.00755966  -0.00167201     0.00427404   0.00102239     0.00000000   0.00000000
  0.00427404   0.00102239    -0.00262442  -0.00049146     0.00000000   0.00000000
  0.00000000   0.00000000     0.00000000   0.00000000     0.00722376   0.00025652
    4    3
  0.00139165   0.00354525    -0.00058762  -0.00205687     0.00000000   0.00000000
 -0.00058762  -0.00205687     0.00071313   0.00117018     0.00000000   0.00000000
  0.00000000   0.00000000     0.00000000   0.00000000    -0.00048801  -0.00592735
    4    4
  1.17849344   0.00000000    -0.18020984   0.00000000     0.00000000   0.00000000
 -0.18020984   0.00000000     0.97040504   0.00000000     0.00000000   0.00000000
  0.00000000   0.00000000     0.00000000   0.00000000     0.19970685   0.00000000

     Dynamical  Matrix in cartesian axes

     q = (    0.333333333   0.192450090   0.000000000 ) 

    1    1
  1.12488402   0.00000000     0.20553542   0.00000000     0.00000000   0.00000000
  0.20553542   0.00000000     0.88755216   0.00000000     0.00000000   0.00000000
  0.00000000   0.00000000     0.00000000   0.00000000     0.30796994   0.00000000
    1    2
  0.00308597   0.01366488     0.00177784   0.00790232     0.00000000   0.00000000
  0.00177784   0.00790232     0.00103309   0.00454007     0.00000000   0.00000000
  0.00000000   0.00000000     0.00000000   0.00000000    -0.00337451  -0.00347694
    1    3
 -0.00755966  -0.00167201    -0.00427404  -0.00102239     0.00000000   0.00000000
 -0.00427404  -0.00102239    -0.00262442  -0.00049146     0.00000000   0.00000000
  0.00000000   0.00000000     0.00000000   0.00000000     0.00722376   0.00025652
    1    4
 -0.34639326  -0.37444473     0.13587015  -0.15145127     0.00000000   0.00000000
  0.13587015  -0.15145127    -0.50328259  -0.19956387     0.00000000   0.00000000
  0.00000000   0.00000000     0.00000000   0.00000000    -0.15903728  -0.11863077
    2    1
  0.00308597  -0.01366488     0.00177784  -0.00790232     0.00000000   0.00000000
  0.00177784  -0.00790232     0.00103309  -0.00454007     0.00000000   0.00000000
  0.00000000   0.00000000     0.00000000   0.00000000    -0.00337451   0.00347694
    2    2
  1.12488402   0.00000000     0.20553542   0.00000000     0.00000000   0.00000000
  0.20553542   0.00000000     0.88755216   0.00000000     0.00000000   0.00000000
  0.00000000   0.00000000     0.00000000   0.00000000     0.30796994   0.00000000
    2    3
 -0.34639326   0.37444473     0.13587015   0.15145127     0.00000000   0.00000000
  0.13587015   0.15145127    -0.50328259   0.19956387     0.00000000   0.00000000
  0.00000000   0.00000000     0.00000000   0.00000000    -0.15903728   0.11863077
    2    4
 -0.00755966   0.00167201    -0.00427404   0.00102239     0.00000000   0.00000000
 -0.00427404   0.00102239    -0.00262442   0.00049146     0.00000000   0.00000000
  0.00000000   0.00000000     0.00000000   0.00000000     0.00722376  -0.00025652
    3    1
 -0.00755966   0.00167201    -0.00427404   0.00102239     0.00000000   0.00000000
 -0.00427404   0.00102239    -0.00262442   0.00049146     0.00000000   0.00000000
  0.00000000   0.00000000     0.00000000   0.00000000     0.00722376  -0.00025652
    3    2
 -0.34639326  -0.37444473     0.13587015  -0.15145127     0.00000000   0.00000000
  0.13587015  -0.15145127    -0.50328259  -0.19956387     0.00000000   0.00000000
  0.00000000   0.00000000     0.00000000   0.00000000    -0.15903728  -0.11863077
    3    3
  1.17849344   0.00000000     0.18020984   0.00000000     0.00000000   0.00000000
  0.18020984   0.00000000     0.97040504   0.00000000     0.00000000   0.00000000
  0.00000000   0.00000000     0.00000000   0.00000000     0.19970685   0.00000000
    3    4
  0.00237445   0.00297783     0.00148749   0.00153733     0.00000000   0.00000000
  0.00148749   0.00153733     0.00065684   0.00120268     0.00000000   0.00000000
  0.00000000   0.00000000     0.00000000   0.00000000    -0.00488923  -0.00338631
    4    1
 -0.34639326   0.37444473     0.13587015   0.15145127     0.00000000   0.00000000
  0.13587015   0.15145127    -0.50328259   0.19956387     0.00000000   0.00000000
  0.00000000   0.00000000     0.00000000   0.00000000    -0.15903728   0.11863077
    4    2
 -0.00755966  -0.00167201    -0.00427404  -0.00102239     0.00000000   0.00000000
 -0.00427404  -0.00102239    -0.00262442  -0.00049146     0.00000000   0.00000000
  0.00000000   0.00000000     0.00000000   0.00000000     0.00722376   0.00025652
    4    3
  0.00237445  -0.00297783     0.00148749  -0.00153733     0.00000000   0.00000000
  0.00148749  -0.00153733     0.00065684  -0.00120268     0.00000000   0.00000000
  0.00000000   0.00000000     0.00000000   0.00000000    -0.00488923   0.00338631
    4    4
  1.17849344   0.00000000     0.18020984   0.00000000     0.00000000   0.00000000
  0.18020984   0.00000000     0.97040504   0.00000000     0.00000000   0.00000000
  0.00000000   0.00000000     0.00000000   0.00000000     0.19970685   0.00000000

     Dynamical  Matrix in cartesian axes

     q = (    0.000000000  -0.384900179   0.000000000 ) 

    1    1
  0.76888624   0.00000000     0.00000000   0.00000000     0.00000000   0.00000000
  0.00000000   0.00000000     1.24354995   0.00000000     0.00000000   0.00000000
  0.00000000   0.00000000     0.00000000   0.00000000     0.30796994   0.00000000
    1    2
  0.00000666  -0.00002234     0.00000000  -0.00000000     0.00000000   0.00000000
  0.00000000  -0.00000000     0.00411240   0.01822729     0.00000000   0.00000000
  0.00000000   0.00000000     0.00000000   0.00000000    -0.00337451  -0.00347694
    1    3
 -0.00015680   0.00009882    -0.00000000   0.00000000     0.00000000   0.00000000
 -0.00000000   0.00000000    -0.01002728  -0.00226229     0.00000000   0.00000000
  0.00000000   0.00000000     0.00000000   0.00000000     0.00722376   0.00025652
    1    4
 -0.58172725  -0.11212344    -0.00000000  -0.00000000     0.00000000   0.00000000
 -0.00000000  -0.00000000    -0.26794860  -0.46188516     0.00000000   0.00000000
  0.00000000   0.00000000     0.00000000   0.00000000    -0.15903728  -0.11863077
    2    1
  0.00000666   0.00002234     0.00000000   0.00000000     0.00000000   0.00000000
  0.00000000   0.00000000     0.00411240  -0.01822729     0.00000000   0.00000000
  0.00000000   0.00000000     0.00000000   0.00000000    -0.00337451   0.00347694
    2    2
  0.76888624   0.00000000     0.00000000   0.00000000     0.00000000   0.00000000
  0.00000000   0.00000000     1.24354995   0.00000000     0.00000000   0.00000000
  0.00000000   0.00000000     0.00000000   0.00000000     0.30796994   0.00000000
    2    3
 -0.58172725   0.11212344    -0.00000000   0.00000000     0.00000000   0.00000000
 -0.00000000   0.00000000    -0.26794860   0.46188516     0.00000000   0.00000000
  0.00000000   0.00000000     0.00000000   0.00000000    -0.15903728   0.11863077
    2    4
 -0.00015680  -0.00009882    -0.00000000  -0.00000000     0.00000000   0.00000000
 -0.00000000  -0.00000000    -0.01002728   0.00226229     0.00000000   0.00000000
  0.00000000   0.00000000     0.00000000   0.00000000     0.00722376  -0.00025652
    3    1
 -0.00015680  -0.00009882    -0.00000000  -0.00000000     0.00000000   0.00000000
 -0.00000000  -0.00000000    -0.01002728   0.00226229     0.00000000   0.00000000
  0.00000000   0.00000000     0.00000000   0.00000000     0.00722376  -0.00025652
    3    2
 -0.58172725  -0.11212344    -0.00000000  -0.00000000     0.00000000   0.00000000
 -0.00000000  -0.00000000    -0.26794860  -0.46188516     0.00000000   0.00000000
  0.00000000   0.00000000     0.00000000   0.00000000    -0.15903728  -0.11863077
    3    3
  0.86636084   0.00000000     0.00000000   0.00000000     0.00000000   0.00000000
  0.00000000   0.00000000     1.28253764   0.00000000     0.00000000   0.00000000
  0.00000000   0.00000000     0.00000000   0.00000000     0.19970685   0.00000000
    3    4
 -0.00020196   0.00031511    -0.00000000   0.00000000     0.00000000   0.00000000
 -0.00000000   0.00000000     0.00323326   0.00386541     0.00000000   0.00000000
  0.00000000   0.00000000     0.00000000   0.00000000    -0.00488923  -0.00338631
    4    1
 -0.58172725   0.11212344    -0.00000000   0.00000000     0.00000000   0.00000000
 -0.00000000   0.00000000    -0.26794860   0.46188516     0.00000000   0.00000000
  0.00000000   0.00000000     0.00000000   0.00000000    -0.15903728   0.11863077
    4    2
 -0.00015680   0.00009882    -0.00000000   0.00000000     0.00000000   0.00000000
 -0.00000000   0.00000000    -0.01002728  -0.00226229     0.00000000   0.00000000
  0.00000000   0.00000000     0.00000000   0.00000000     0.00722376   0.00025652
    4    3
 -0.00020196  -0.00031511    -0.00000000  -0.00000000     0.00000000   0.00000000
 -0.00000000  -0.00000000     0.00323326  -0.00386541     0.00000000   0.00000000
  0.00000000   0.00000000     0.00000000   0.00000000    -0.00488923   0.00338631
    4    4
  0.86636084   0.00000000     0.00000000   0.00000000     0.00000000   0.00000000
  0.00000000   0.00000000     1.28253764   0.00000000     0.00000000   0.00000000
  0.00000000   0.00000000     0.00000000   0.00000000     0.19970685   0.00000000

     Dynamical  Matrix in cartesian axes

     q = (    0.333333333  -0.192450090   0.000000000 ) 

    1    1
  1.12488402   0.00000000    -0.20553542   0.00000000     0.00000000   0.00000000
 -0.20553542   0.00000000     0.88755216   0.00000000     0.00000000   0.00000000
  0.00000000   0.00000000     0.00000000   0.00000000     0.30796994   0.00000000
    1    2
  0.01029115   0.00950497    -0.00595469  -0.00549082     0.00000000   0.00000000
 -0.00595469  -0.00549082     0.00341527   0.00316472     0.00000000   0.00000000
  0.00000000   0.00000000     0.00000000   0.00000000    -0.00132386  -0.00466088
    1    3
 -0.00755966   0.00167201     0.00427404  -0.00102239     0.00000000   0.00000000
  0.00427404  -0.00102239    -0.00262442   0.00049146     0.00000000   0.00000000
  0.00000000   0.00000000     0.00000000   0.00000000     0.00722376  -0.00025652
    1    4
 -0.15108202  -0.48720773     0.19909572  -0.04194136     0.00000000   0.00000000
  0.19909572  -0.04194136     0.07881391  -0.53563744     0.00000000   0.00000000
  0.00000000   0.00000000     0.00000000   0.00000000    -0.02321862  -0.19704571
    2    1
  0.01029115  -0.00950497    -0.00595469   0.00549082     0.00000000   0.00000000
 -0.00595469   0.00549082     0.00341527  -0.00316472     0.00000000   0.00000000
  0.00000000   0.00000000     0.00000000   0.00000000    -0.00132386   0.00466088
    2    2
  1.12488402   0.00000000    -0.20553542   0.00000000     0.00000000   0.00000000
 -0.20553542   0.00000000     0.88755216   0.00000000     0.00000000   0.00000000
  0.00000000   0.00000000     0.00000000   0.00000000     0.30796994   0.00000000
    2    3
 -0.15108202   0.48720773     0.19909572   0.04194136     0.00000000   0.00000000
  0.19909572   0.04194136     0.07881391   0.53563744     0.00000000   0.00000000
  0.00000000   0.00000000     0.00000000   0.00000000    -0.02321862   0.19704571
    2    4
 -0.00755966  -0.00167201     0.00427404   0.00102239     0.00000000   0.00000000
  0.00427404   0.00102239    -0.00262442  -0.00049146     0.00000000   0.00000000
  0.00000000   0.00000000     0.00000000   0.00000000     0.00722376   0.00025652
    3    1
 -0.00755966  -0.00167201     0.00427404   0.00102239     0.00000000   0.00000000
  0.00427404   0.00102239    -0.00262442  -0.00049146     0.00000000   0.00000000
  0.00000000   0.00000000     0.00000000   0.00000000     0.00722376   0.00025652
    3    2
 -0.15108202  -0.48720773     0.19909572  -0.04194136     0.00000000   0.00000000
  0.19909572  -0.04194136     0.07881391  -0.53563744     0.00000000   0.00000000
  0.00000000   0.00000000     0.00000000   0.00000000    -0.02321862  -0.19704571
    3    3
  1.17849344   0.00000000    -0.18020984   0.00000000     0.00000000   0.00000000
 -0.18020984   0.00000000     0.97040504   0.00000000     0.00000000   0.00000000
  0.00000000   0.00000000     0.00000000   0.00000000     0.19970685   0.00000000
    3    4
  0.00139165   0.00354525    -0.00058762  -0.00205687     0.00000000   0.00000000
 -0.00058762  -0.00205687     0.00071313   0.00117018     0.00000000   0.00000000
  0.00000000   0.00000000     0.00000000   0.00000000    -0.00048801  -0.00592735
    4    1
 -0.15108202   0.48720773     0.19909572   0.04194136     0.00000000   0.00000000
  0.19909572   0.04194136     0.07881391   0.53563744     0.00000000   0.00000000
  0.00000000   0.00000000     0.00000000   0.00000000    -0.02321862   0.19704571
    4    2
 -0.00755966   0.00167201     0.00427404  -0.00102239     0.00000000   0.00000000
  0.00427404  -0.00102239    -0.00262442   0.00049146     0.00000000   0.00000000
  0.00000000   0.00000000     0.00000000   0.00000000     0.00722376  -0.00025652
    4    3
  0.00139165  -0.00354525    -0.00058762   0.00205687     0.00000000   0.00000000
 -0.00058762   0.00205687     0.00071313  -0.00117018     0.00000000   0.00000000
  0.00000000   0.00000000     0.00000000   0.00000000    -0.00048801   0.00592735
    4    4
  1.17849344   0.00000000    -0.18020984   0.00000000     0.00000000   0.00000000
 -0.18020984   0.00000000     0.97040504   0.00000000     0.00000000   0.00000000
  0.00000000   0.00000000     0.00000000   0.00000000     0.19970685   0.00000000

     Dynamical  Matrix in cartesian axes

     q = (   -0.333333333  -0.192450090   0.000000000 ) 

    1    1
  1.12488402   0.00000000     0.20553542   0.00000000     0.00000000   0.00000000
  0.20553542   0.00000000     0.88755216   0.00000000     0.00000000   0.00000000
  0.00000000   0.00000000     0.00000000   0.00000000     0.30796994   0.00000000
    1    2
  0.00308597  -0.01366488     0.00177784  -0.00790232     0.00000000   0.00000000
  0.00177784  -0.00790232     0.00103309  -0.00454007     0.00000000   0.00000000
  0.00000000   0.00000000     0.00000000   0.00000000    -0.00337451   0.00347694
    1    3
 -0.00755966   0.00167201    -0.00427404   0.00102239     0.00000000   0.00000000
 -0.00427404   0.00102239    -0.00262442   0.00049146     0.00000000   0.00000000
  0.00000000   0.00000000     0.00000000   0.00000000     0.00722376  -0.00025652
    1    4
 -0.34639326   0.37444473     0.13587015   0.15145127     0.00000000   0.00000000
  0.13587015   0.15145127    -0.50328259   0.19956387     0.00000000   0.00000000
  0.00000000   0.00000000     0.00000000   0.00000000    -0.15903728   0.11863077
    2    1
  0.00308597   0.01366488     0.00177784   0.00790232     0.00000000   0.00000000
  0.00177784   0.00790232     0.00103309   0.00454007     0.00000000   0.00000000
  0.00000000   0.00000000     0.00000000   0.00000000    -0.00337451  -0.00347694
    2    2
  1.12488402   0.00000000     0.20553542   0.00000000     0.00000000   0.00000000
  0.20553542   0.00000000     0.88755216   0.00000000     0.00000000   0.00000000
  0.00000000   0.00000000     0.00000000   0.00000000     0.30796994   0.00000000
    2    3
 -0.34639326  -0.37444473     0.13587015  -0.15145127     0.00000000   0.00000000
  0.13587015  -0.15145127    -0.50328259  -0.19956387     0.00000000   0.00000000
  0.00000000   0.00000000     0.00000000   0.00000000    -0.15903728  -0.11863077
    2    4
 -0.00755966  -0.00167201    -0.00427404  -0.00102239     0.00000000   0.00000000
 -0.00427404  -0.00102239    -0.00262442  -0.00049146     0.00000000   0.00000000
  0.00000000   0.00000000     0.00000000   0.00000000     0.00722376   0.00025652
    3    1
 -0.00755966  -0.00167201    -0.00427404  -0.00102239     0.00000000   0.00000000
 -0.00427404  -0.00102239    -0.00262442  -0.00049146     0.00000000   0.00000000
  0.00000000   0.00000000     0.00000000   0.00000000     0.00722376   0.00025652
    3    2
 -0.34639326   0.37444473     0.13587015   0.15145127     0.00000000   0.00000000
  0.13587015   0.15145127    -0.50328259   0.19956387     0.00000000   0.00000000
  0.00000000   0.00000000     0.00000000   0.00000000    -0.15903728   0.11863077
    3    3
  1.17849344   0.00000000     0.18020984   0.00000000     0.00000000   0.00000000
  0.18020984   0.00000000     0.97040504   0.00000000     0.00000000   0.00000000
  0.00000000   0.00000000     0.00000000   0.00000000     0.19970685   0.00000000
    3    4
  0.00237445  -0.00297783     0.00148749  -0.00153733     0.00000000   0.00000000
  0.00148749  -0.00153733     0.00065684  -0.00120268     0.00000000   0.00000000
  0.00000000   0.00000000     0.00000000   0.00000000    -0.00488923   0.00338631
    4    1
 -0.34639326  -0.37444473     0.13587015  -0.15145127     0.00000000   0.00000000
  0.13587015  -0.15145127    -0.50328259  -0.19956387     0.00000000   0.00000000
  0.00000000   0.00000000     0.00000000   0.00000000    -0.15903728  -0.11863077
    4    2
 -0.00755966   0.00167201    -0.00427404   0.00102239     0.00000000   0.00000000
 -0.00427404   0.00102239    -0.00262442   0.00049146     0.00000000   0.00000000
  0.00000000   0.00000000     0.00000000   0.00000000     0.00722376  -0.00025652
    4    3
  0.00237445   0.00297783     0.00148749   0.00153733     0.00000000   0.00000000
  0.00148749   0.00153733     0.00065684   0.00120268     0.00000000   0.00000000
  0.00000000   0.00000000     0.00000000   0.00000000    -0.00488923  -0.00338631
    4    4
  1.17849344   0.00000000     0.18020984   0.00000000     0.00000000   0.00000000
  0.18020984   0.00000000     0.97040504   0.00000000     0.00000000   0.00000000
  0.00000000   0.00000000     0.00000000   0.00000000     0.19970685   0.00000000

     Diagonalizing the dynamical matrix

     q = (    0.000000000   0.384900179   0.000000000 ) 

 **************************************************************************
     freq (    1) =       6.573988 [THz] =     219.284623 [cm-1]
 (  0.000000  0.000000  0.000000 -0.000000  0.340565 -0.254317 ) 
 (  0.000000  0.000000  0.000000 -0.000000 -0.422148  0.049525 ) 
 (  0.000000  0.000000  0.000000 -0.000000 -0.410305  0.388572 ) 
 (  0.000000  0.000000  0.000000  0.000000  0.565100  0.000000 ) 
     freq (    2) =       6.766272 [THz] =     225.698551 [cm-1]
 (  0.000000  0.000000 -0.000000  0.000000 -0.334665  0.249296 ) 
 (  0.000000  0.000000 -0.000000 -0.000000 -0.414446  0.048822 ) 
 (  0.000000  0.000000 -0.000000  0.000000 -0.414744  0.392223 ) 
 (  0.000000  0.000000 -0.000000 -0.000000 -0.570834  0.000000 ) 
     freq (    3) =      14.661202 [THz] =     489.045064 [cm-1]
 (  0.503570 -0.068709 -0.000000  0.000000 -0.000000  0.000000 ) 
 (  0.467204  0.200061 -0.000000 -0.000000  0.000000 -0.000000 ) 
 (  0.480372  0.104592 -0.000000  0.000000 -0.000000 -0.000000 ) 
 (  0.490894  0.026826 -0.000000 -0.000000  0.000000  0.000000 ) 
     freq (    4) =      14.676724 [THz] =     489.562803 [cm-1]
 ( -0.503594  0.069112  0.000000 -0.000000  0.000000 -0.000000 ) 
 (  0.467341  0.199940 -0.000000 -0.000000 -0.000000  0.000000 ) 
 (  0.480370  0.104219 -0.000000  0.000000  0.000000  0.000000 ) 
 ( -0.490822 -0.026643  0.000000  0.000000 -0.000000  0.000000 ) 
     freq (    5) =      21.247990 [THz] =     708.756672 [cm-1]
 (  0.000000 -0.000000  0.000000 -0.000000  0.494424 -0.367106 ) 
 ( -0.000000 -0.000000 -0.000000 -0.000000  0.614024  0.046866 ) 
 ( -0.000000  0.000000  0.000000 -0.000000 -0.293985  0.185339 ) 
 (  0.000000 -0.000000  0.000000  0.000000 -0.347531  0.000000 ) 
     freq (    6) =      21.787088 [THz] =     726.739021 [cm-1]
 ( -0.000000  0.000000  0.000000 -0.000000  0.489437 -0.366662 ) 
 (  0.000000  0.000000 -0.000000 -0.000000 -0.609853 -0.045487 ) 
 (  0.000000  0.000000  0.000000 -0.000000  0.299143 -0.191113 ) 
 ( -0.000000  0.000000  0.000000  0.000000 -0.354980  0.000000 ) 
     freq (    7) =      26.305376 [THz] =     877.452892 [cm-1]
 ( -0.000000 -0.000000 -0.316211  0.343724  0.000000 -0.000000 ) 
 (  0.000000 -0.000000  0.229748  0.406634 -0.000000 -0.000000 ) 
 ( -0.000000  0.000000  0.530842  0.008426  0.000000 -0.000000 ) 
 ( -0.000000  0.000000 -0.518847 -0.112528 -0.000000  0.000000 ) 
     freq (    8) =      26.336868 [THz] =     878.503365 [cm-1]
 ( -0.000000 -0.000000 -0.309844  0.342898  0.000000 -0.000000 ) 
 ( -0.000000  0.000000 -0.226396 -0.402899 -0.000000 -0.000000 ) 
 (  0.000000 -0.000000 -0.535156 -0.004964  0.000000 -0.000000 ) 
 ( -0.000000  0.000000 -0.523019 -0.113437 -0.000000  0.000000 ) 
     freq (    9) =      36.926645 [THz] =    1231.740297 [cm-1]
 (  0.460783 -0.305263 -0.000000  0.000000 -0.000000  0.000000 ) 
 (  0.004012  0.552712  0.000000 -0.000000 -0.000000 -0.000000 ) 
 ( -0.086534 -0.432441  0.000000  0.000000  0.000000 -0.000000 ) 
 ( -0.407077  0.169651  0.000000  0.000000 -0.000000  0.000000 ) 
     freq (   10) =      36.933727 [THz] =    1231.976513 [cm-1]
 (  0.460587 -0.305402 -0.000000  0.000000 -0.000000  0.000000 ) 
 ( -0.004067 -0.552625 -0.000000  0.000000 -0.000000 -0.000000 ) 
 (  0.086745  0.432510 -0.000000 -0.000000  0.000000 -0.000000 ) 
 ( -0.407166  0.169721  0.000000  0.000000 -0.000000  0.000000 ) 
     freq (   11) =      41.669383 [THz] =    1389.941003 [cm-1]
 ( -0.000000  0.000000 -0.395585  0.430735 -0.000000  0.000000 ) 
 (  0.000000  0.000000  0.519084  0.269393  0.000000  0.000000 ) 
 ( -0.000000  0.000000 -0.335691  0.212818 -0.000000  0.000000 ) 
 (  0.000000 -0.000000  0.388246  0.085119  0.000000  0.000000 ) 
     freq (   12) =      42.243030 [THz] =    1409.075802 [cm-1]
 ( -0.000000  0.000000 -0.396936  0.434559 -0.000000  0.000000 ) 
 ( -0.000000 -0.000000 -0.522583 -0.270752  0.000000  0.000000 ) 
 (  0.000000 -0.000000  0.330287 -0.210976 -0.000000 -0.000000 ) 
 (  0.000000 -0.000000  0.382825  0.083940  0.000000  0.000000 ) 
 **************************************************************************
