Dynamical matrix file
phonons on a grid                                                          
  2    4   0   4.7478013   0.0000000   0.0000000   0.0000000   0.0000000   0.0000000
Basis vectors
      1.000000000    0.000000000    0.000000000
     -0.500000000    0.866025404    0.000000000
      0.000000000    0.000000000    3.067655790
           1  'B      '    9853.6237122476850     
           2  'N      '    12766.326079950019     
    1    1      0.5000000000      0.2886751346      2.3007418422
    2    1     -0.0000000001      0.5773502692      0.7669139474
    3    2      0.5000000000      0.2886751346      0.7669139474
    4    2     -0.0000000001      0.5773502692      2.3007418422

     Dynamical  Matrix in cartesian axes

     q = (    0.000000000   0.384900179  -0.162990907 ) 

    1    1
  0.76888715   0.00000000     0.00000000   0.00000000     0.00000000   0.00000000
  0.00000000   0.00000000     1.24258780   0.00000000     0.00000000   0.00000000
  0.00000000   0.00000000     0.00000000   0.00000000     0.30846281   0.00000000
    1    2
  0.00000000   0.00000000     0.00000000   0.00000000     0.00000000   0.00000000
  0.00000000   0.00000000     0.00000000   0.00000000     0.01205797   0.00672390
  0.00000000   0.00000000     0.01205797   0.00672390     0.00000000   0.00000000
    1    3
  0.00000000  -0.00000000     0.00000000  -0.00000000     0.00000000   0.00000000
  0.00000000  -0.00000000    -0.00000000   0.00000000    -0.00404766  -0.00997645
  0.00000000   0.00000000     0.00014236  -0.00584230     0.00000000  -0.00000000
    1    4
 -0.58172879   0.11212327    -0.00000000   0.00000000     0.00000000   0.00000000
 -0.00000000   0.00000000    -0.26778164   0.46149956     0.00000000   0.00000000
  0.00000000   0.00000000     0.00000000   0.00000000    -0.15934246   0.11885566
    2    1
  0.00000000  -0.00000000     0.00000000  -0.00000000     0.00000000   0.00000000
  0.00000000  -0.00000000     0.00000000   0.00000000     0.01205797  -0.00672390
  0.00000000   0.00000000     0.01205797  -0.00672390     0.00000000  -0.00000000
    2    2
  0.76888715   0.00000000     0.00000000   0.00000000     0.00000000   0.00000000
  0.00000000   0.00000000     1.24258780   0.00000000     0.00000000   0.00000000
  0.00000000   0.00000000     0.00000000   0.00000000     0.30846281   0.00000000
    2    3
 -0.58172879  -0.11212327    -0.00000000  -0.00000000     0.00000000   0.00000000
 -0.00000000  -0.00000000    -0.26778164  -0.46149956     0.00000000   0.00000000
  0.00000000   0.00000000     0.00000000   0.00000000    -0.15934246  -0.11885566
    2    4
 -0.00000000  -0.00000000    -0.00000000  -0.00000000     0.00000000   0.00000000
 -0.00000000  -0.00000000     0.00000000   0.00000000    -0.00404766   0.00997645
  0.00000000   0.00000000     0.00014236   0.00584230    -0.00000000  -0.00000000
    3    1
  0.00000000   0.00000000     0.00000000   0.00000000     0.00000000   0.00000000
  0.00000000   0.00000000    -0.00000000   0.00000000     0.00014236   0.00584230
  0.00000000   0.00000000    -0.00404766   0.00997645     0.00000000   0.00000000
    3    2
 -0.58172879   0.11212327    -0.00000000   0.00000000     0.00000000   0.00000000
 -0.00000000   0.00000000    -0.26778164   0.46149956     0.00000000   0.00000000
  0.00000000   0.00000000     0.00000000   0.00000000    -0.15934246   0.11885566
    3    3
  0.86635613   0.00000000     0.00000000   0.00000000     0.00000000   0.00000000
  0.00000000   0.00000000     1.28216201   0.00000000     0.00000000   0.00000000
  0.00000000   0.00000000     0.00000000   0.00000000     0.20003736   0.00000000
    3    4
  0.00000000  -0.00000000     0.00000000  -0.00000000     0.00000000   0.00000000
  0.00000000  -0.00000000     0.00000000  -0.00000000    -0.00366443  -0.00392201
  0.00000000   0.00000000    -0.00366443  -0.00392201     0.00000000  -0.00000000
    4    1
 -0.58172879  -0.11212327    -0.00000000  -0.00000000     0.00000000   0.00000000
 -0.00000000  -0.00000000    -0.26778164  -0.46149956     0.00000000   0.00000000
  0.00000000   0.00000000     0.00000000   0.00000000    -0.15934246  -0.11885566
    4    2
 -0.00000000   0.00000000    -0.00000000   0.00000000     0.00000000   0.00000000
 -0.00000000   0.00000000     0.00000000   0.00000000     0.00014236  -0.00584230
  0.00000000   0.00000000    -0.00404766  -0.00997645    -0.00000000   0.00000000
    4    3
  0.00000000   0.00000000     0.00000000   0.00000000     0.00000000   0.00000000
  0.00000000   0.00000000     0.00000000   0.00000000    -0.00366443   0.00392201
  0.00000000   0.00000000    -0.00366443   0.00392201     0.00000000   0.00000000
    4    4
  0.86635613   0.00000000     0.00000000   0.00000000     0.00000000   0.00000000
  0.00000000   0.00000000     1.28216201   0.00000000     0.00000000   0.00000000
  0.00000000   0.00000000     0.00000000   0.00000000     0.20003736   0.00000000

     Dynamical  Matrix in cartesian axes

     q = (   -0.333333333   0.192450090   0.162990907 ) 

    1    1
  1.12416264   0.00000000    -0.20511840   0.00000000     0.00000000   0.00000000
 -0.20511840   0.00000000     0.88731231   0.00000000     0.00000000   0.00000000
  0.00000000   0.00000000     0.00000000   0.00000000     0.30846281   0.00000000
    1    2
  0.00000000  -0.00000000    -0.00000000   0.00000000    -0.01026418  -0.00613194
 -0.00000000   0.00000000     0.00000000  -0.00000000     0.00592603   0.00354028
 -0.01026418  -0.00613194     0.00592603   0.00354028    -0.00000000  -0.00000000
    1    3
 -0.00000000   0.00000000    -0.00000000  -0.00000000    -0.00350538   0.00863986
 -0.00000000  -0.00000000    -0.00000000  -0.00000000     0.00202383  -0.00498822
  0.00012329   0.00505958    -0.00007118  -0.00292115    -0.00000000  -0.00000000
    1    4
 -0.15089394   0.48695500     0.19898766   0.04208800     0.00000000   0.00000000
  0.19898766   0.04208800     0.07887722   0.53555403     0.00000000   0.00000000
  0.00000000   0.00000000     0.00000000   0.00000000    -0.02326079   0.19742245
    2    1
 -0.00000000  -0.00000000     0.00000000   0.00000000    -0.01026418   0.00613194
  0.00000000   0.00000000    -0.00000000  -0.00000000     0.00592603  -0.00354028
 -0.01026418   0.00613194     0.00592603  -0.00354028    -0.00000000   0.00000000
    2    2
  1.12416264   0.00000000    -0.20511840   0.00000000     0.00000000   0.00000000
 -0.20511840   0.00000000     0.88731231   0.00000000     0.00000000   0.00000000
  0.00000000   0.00000000     0.00000000   0.00000000     0.30846281   0.00000000
    2    3
 -0.15089394  -0.48695500     0.19898766  -0.04208800     0.00000000   0.00000000
  0.19898766  -0.04208800     0.07887722  -0.53555403     0.00000000   0.00000000
  0.00000000   0.00000000     0.00000000   0.00000000    -0.02326079  -0.19742245
    2    4
  0.00000000   0.00000000     0.00000000  -0.00000000    -0.00350538  -0.00863986
  0.00000000  -0.00000000     0.00000000  -0.00000000     0.00202383   0.00498822
  0.00012329  -0.00505958    -0.00007118   0.00292115     0.00000000  -0.00000000
    3    1
 -0.00000000   0.00000000    -0.00000000   0.00000000     0.00012329  -0.00505958
 -0.00000000   0.00000000    -0.00000000   0.00000000    -0.00007118   0.00292115
 -0.00350538  -0.00863986     0.00202383   0.00498822    -0.00000000   0.00000000
    3    2
 -0.15089394   0.48695500     0.19898766   0.04208800     0.00000000   0.00000000
  0.19898766   0.04208800     0.07887722   0.53555403     0.00000000   0.00000000
  0.00000000   0.00000000     0.00000000   0.00000000    -0.02326079   0.19742245
    3    3
  1.17821054   0.00000000    -0.18004923   0.00000000     0.00000000   0.00000000
 -0.18004923   0.00000000     0.97030760   0.00000000     0.00000000   0.00000000
  0.00000000   0.00000000     0.00000000   0.00000000     0.20003736   0.00000000
    3    4
 -0.00000000   0.00000000    -0.00000000   0.00000000     0.00452825   0.00105005
 -0.00000000   0.00000000     0.00000000  -0.00000000    -0.00261439  -0.00060624
  0.00452825   0.00105005    -0.00261439  -0.00060624     0.00000000  -0.00000000
    4    1
 -0.15089394  -0.48695500     0.19898766  -0.04208800     0.00000000   0.00000000
  0.19898766  -0.04208800     0.07887722  -0.53555403     0.00000000   0.00000000
  0.00000000   0.00000000     0.00000000   0.00000000    -0.02326079  -0.19742245
    4    2
  0.00000000   0.00000000     0.00000000   0.00000000     0.00012329   0.00505958
  0.00000000   0.00000000     0.00000000   0.00000000    -0.00007118  -0.00292115
 -0.00350538   0.00863986     0.00202383  -0.00498822     0.00000000   0.00000000
    4    3
 -0.00000000  -0.00000000    -0.00000000  -0.00000000     0.00452825  -0.00105005
 -0.00000000  -0.00000000     0.00000000   0.00000000    -0.00261439   0.00060624
  0.00452825  -0.00105005    -0.00261439   0.00060624     0.00000000   0.00000000
    4    4
  1.17821054   0.00000000    -0.18004923   0.00000000     0.00000000   0.00000000
 -0.18004923   0.00000000     0.97030760   0.00000000     0.00000000   0.00000000
  0.00000000   0.00000000     0.00000000   0.00000000     0.20003736   0.00000000

     Dynamical  Matrix in cartesian axes

     q = (    0.333333333   0.192450090   0.162990907 ) 

    1    1
  1.12416264   0.00000000     0.20511840   0.00000000     0.00000000   0.00000000
  0.20511840   0.00000000     0.88731231   0.00000000     0.00000000   0.00000000
  0.00000000   0.00000000     0.00000000   0.00000000     0.30846281   0.00000000
    1    2
  0.00000000   0.00000000     0.00000000   0.00000000    -0.01044251   0.00582307
  0.00000000   0.00000000     0.00000000   0.00000000    -0.00602898   0.00336195
 -0.01044251   0.00582307    -0.00602898   0.00336195     0.00000000  -0.00000000
    1    3
 -0.00000000   0.00000000     0.00000000   0.00000000     0.00350538  -0.00863986
  0.00000000   0.00000000    -0.00000000  -0.00000000     0.00202383  -0.00498822
 -0.00012329  -0.00505958    -0.00007118  -0.00292115    -0.00000000  -0.00000000
    1    4
 -0.34626843  -0.37415549     0.13594311  -0.15128437     0.00000000   0.00000000
  0.13594311  -0.15128437    -0.50324201  -0.19946734     0.00000000   0.00000000
  0.00000000   0.00000000     0.00000000   0.00000000    -0.15934246  -0.11885566
    2    1
  0.00000000   0.00000000     0.00000000   0.00000000    -0.01044251  -0.00582307
  0.00000000   0.00000000     0.00000000   0.00000000    -0.00602898  -0.00336195
 -0.01044251  -0.00582307    -0.00602898  -0.00336195     0.00000000   0.00000000
    2    2
  1.12416264   0.00000000     0.20511840   0.00000000     0.00000000   0.00000000
  0.20511840   0.00000000     0.88731231   0.00000000     0.00000000   0.00000000
  0.00000000   0.00000000     0.00000000   0.00000000     0.30846281   0.00000000
    2    3
 -0.34626843   0.37415549     0.13594311   0.15128437     0.00000000   0.00000000
  0.13594311   0.15128437    -0.50324201   0.19946734     0.00000000   0.00000000
  0.00000000   0.00000000     0.00000000   0.00000000    -0.15934246   0.11885566
    2    4
  0.00000000   0.00000000    -0.00000000   0.00000000     0.00350538   0.00863986
 -0.00000000   0.00000000     0.00000000  -0.00000000     0.00202383   0.00498822
 -0.00012329   0.00505958    -0.00007118   0.00292115     0.00000000  -0.00000000
    3    1
 -0.00000000   0.00000000     0.00000000  -0.00000000    -0.00012329   0.00505958
  0.00000000  -0.00000000    -0.00000000   0.00000000    -0.00007118   0.00292115
  0.00350538   0.00863986     0.00202383   0.00498822    -0.00000000   0.00000000
    3    2
 -0.34626843  -0.37415549     0.13594311  -0.15128437     0.00000000   0.00000000
  0.13594311  -0.15128437    -0.50324201  -0.19946734     0.00000000   0.00000000
  0.00000000   0.00000000     0.00000000   0.00000000    -0.15934246  -0.11885566
    3    3
  1.17821054   0.00000000     0.18004923   0.00000000     0.00000000   0.00000000
  0.18004923   0.00000000     0.97030760   0.00000000     0.00000000   0.00000000
  0.00000000   0.00000000     0.00000000   0.00000000     0.20003736   0.00000000
    3    4
  0.00000000  -0.00000000     0.00000000   0.00000000     0.00317349  -0.00339656
  0.00000000   0.00000000     0.00000000   0.00000000     0.00183222  -0.00196100
  0.00317349  -0.00339656     0.00183222  -0.00196100     0.00000000   0.00000000
    4    1
 -0.34626843   0.37415549     0.13594311   0.15128437     0.00000000   0.00000000
  0.13594311   0.15128437    -0.50324201   0.19946734     0.00000000   0.00000000
  0.00000000   0.00000000     0.00000000   0.00000000    -0.15934246   0.11885566
    4    2
  0.00000000   0.00000000    -0.00000000  -0.00000000    -0.00012329  -0.00505958
 -0.00000000  -0.00000000     0.00000000   0.00000000    -0.00007118  -0.00292115
  0.00350538  -0.00863986     0.00202383  -0.00498822     0.00000000   0.00000000
    4    3
  0.00000000   0.00000000     0.00000000  -0.00000000     0.00317349   0.00339656
  0.00000000  -0.00000000     0.00000000  -0.00000000     0.00183222   0.00196100
  0.00317349   0.00339656     0.00183222   0.00196100     0.00000000  -0.00000000
    4    4
  1.17821054   0.00000000     0.18004923   0.00000000     0.00000000   0.00000000
  0.18004923   0.00000000     0.97030760   0.00000000     0.00000000   0.00000000
  0.00000000   0.00000000     0.00000000   0.00000000     0.20003736   0.00000000

     Dynamical  Matrix in cartesian axes

     q = (    0.000000000  -0.384900179  -0.162990907 ) 

    1    1
  0.76888715   0.00000000     0.00000000   0.00000000     0.00000000   0.00000000
  0.00000000   0.00000000     1.24258780   0.00000000     0.00000000   0.00000000
  0.00000000   0.00000000     0.00000000   0.00000000     0.30846281   0.00000000
    1    2
 -0.00000000   0.00000000    -0.00000000   0.00000000     0.00000000   0.00000000
 -0.00000000  -0.00000000    -0.00000000  -0.00000000     0.01205797  -0.00672390
  0.00000000   0.00000000     0.01205797  -0.00672390    -0.00000000   0.00000000
    1    3
  0.00000000   0.00000000     0.00000000   0.00000000     0.00000000   0.00000000
  0.00000000   0.00000000    -0.00000000  -0.00000000    -0.00404766   0.00997645
  0.00000000   0.00000000     0.00014236   0.00584230     0.00000000   0.00000000
    1    4
 -0.58172879  -0.11212327    -0.00000000  -0.00000000     0.00000000   0.00000000
 -0.00000000  -0.00000000    -0.26778164  -0.46149956     0.00000000   0.00000000
  0.00000000   0.00000000     0.00000000   0.00000000    -0.15934246  -0.11885566
    2    1
 -0.00000000  -0.00000000    -0.00000000   0.00000000     0.00000000   0.00000000
 -0.00000000  -0.00000000    -0.00000000  -0.00000000     0.01205797   0.00672390
  0.00000000   0.00000000     0.01205797   0.00672390    -0.00000000  -0.00000000
    2    2
  0.76888715   0.00000000     0.00000000   0.00000000     0.00000000   0.00000000
  0.00000000   0.00000000     1.24258780   0.00000000     0.00000000   0.00000000
  0.00000000   0.00000000     0.00000000   0.00000000     0.30846281   0.00000000
    2    3
 -0.58172879   0.11212327    -0.00000000   0.00000000     0.00000000   0.00000000
 -0.00000000   0.00000000    -0.26778164   0.46149956     0.00000000   0.00000000
  0.00000000   0.00000000     0.00000000   0.00000000    -0.15934246   0.11885566
    2    4
 -0.00000000   0.00000000    -0.00000000   0.00000000     0.00000000   0.00000000
 -0.00000000   0.00000000     0.00000000  -0.00000000    -0.00404766  -0.00997645
  0.00000000   0.00000000     0.00014236  -0.00584230    -0.00000000   0.00000000
    3    1
  0.00000000  -0.00000000     0.00000000  -0.00000000     0.00000000   0.00000000
  0.00000000  -0.00000000    -0.00000000  -0.00000000     0.00014236  -0.00584230
  0.00000000   0.00000000    -0.00404766  -0.00997645     0.00000000  -0.00000000
    3    2
 -0.58172879  -0.11212327    -0.00000000  -0.00000000     0.00000000   0.00000000
 -0.00000000  -0.00000000    -0.26778164  -0.46149956     0.00000000   0.00000000
  0.00000000   0.00000000     0.00000000   0.00000000    -0.15934246  -0.11885566
    3    3
  0.86635613   0.00000000     0.00000000   0.00000000     0.00000000   0.00000000
  0.00000000   0.00000000     1.28216201   0.00000000     0.00000000   0.00000000
  0.00000000   0.00000000     0.00000000   0.00000000     0.20003736   0.00000000
    3    4
 -0.00000000  -0.00000000    -0.00000000  -0.00000000     0.00000000   0.00000000
 -0.00000000  -0.00000000    -0.00000000  -0.00000000    -0.00366443   0.00392201
  0.00000000   0.00000000    -0.00366443   0.00392201    -0.00000000  -0.00000000
    4    1
 -0.58172879   0.11212327    -0.00000000   0.00000000     0.00000000   0.00000000
 -0.00000000   0.00000000    -0.26778164   0.46149956     0.00000000   0.00000000
  0.00000000   0.00000000     0.00000000   0.00000000    -0.15934246   0.11885566
    4    2
 -0.00000000  -0.00000000    -0.00000000  -0.00000000     0.00000000   0.00000000
 -0.00000000  -0.00000000     0.00000000  -0.00000000     0.00014236   0.00584230
  0.00000000   0.00000000    -0.00404766   0.00997645    -0.00000000  -0.00000000
    4    3
 -0.00000000   0.00000000    -0.00000000   0.00000000     0.00000000   0.00000000
 -0.00000000   0.00000000    -0.00000000   0.00000000    -0.00366443  -0.00392201
  0.00000000   0.00000000    -0.00366443  -0.00392201    -0.00000000   0.00000000
    4    4
  0.86635613   0.00000000     0.00000000   0.00000000     0.00000000   0.00000000
  0.00000000   0.00000000     1.28216201   0.00000000     0.00000000   0.00000000
  0.00000000   0.00000000     0.00000000   0.00000000     0.20003736   0.00000000

     Dynamical  Matrix in cartesian axes

     q = (    0.333333333  -0.192450090   0.162990907 ) 

    1    1
  1.12416264   0.00000000    -0.20511840   0.00000000     0.00000000   0.00000000
 -0.20511840   0.00000000     0.88731231   0.00000000     0.00000000   0.00000000
  0.00000000   0.00000000     0.00000000   0.00000000     0.30846281   0.00000000
    1    2
  0.00000000   0.00000000    -0.00000000  -0.00000000    -0.01026418   0.00613194
 -0.00000000  -0.00000000     0.00000000   0.00000000     0.00592603  -0.00354028
 -0.01026418   0.00613194     0.00592603  -0.00354028     0.00000000  -0.00000000
    1    3
 -0.00000000   0.00000000    -0.00000000   0.00000000    -0.00350538  -0.00863986
 -0.00000000   0.00000000    -0.00000000   0.00000000     0.00202383   0.00498822
  0.00012329  -0.00505958    -0.00007118   0.00292115    -0.00000000   0.00000000
    1    4
 -0.15089394  -0.48695500     0.19898766  -0.04208800     0.00000000   0.00000000
  0.19898766  -0.04208800     0.07887722  -0.53555403     0.00000000   0.00000000
  0.00000000   0.00000000     0.00000000   0.00000000    -0.02326079  -0.19742245
    2    1
 -0.00000000   0.00000000     0.00000000  -0.00000000    -0.01026418  -0.00613194
  0.00000000  -0.00000000    -0.00000000   0.00000000     0.00592603   0.00354028
 -0.01026418  -0.00613194     0.00592603   0.00354028     0.00000000   0.00000000
    2    2
  1.12416264   0.00000000    -0.20511840   0.00000000     0.00000000   0.00000000
 -0.20511840   0.00000000     0.88731231   0.00000000     0.00000000   0.00000000
  0.00000000   0.00000000     0.00000000   0.00000000     0.30846281   0.00000000
    2    3
 -0.15089394   0.48695500     0.19898766   0.04208800     0.00000000   0.00000000
  0.19898766   0.04208800     0.07887722   0.53555403     0.00000000   0.00000000
  0.00000000   0.00000000     0.00000000   0.00000000    -0.02326079   0.19742245
    2    4
  0.00000000   0.00000000     0.00000000   0.00000000    -0.00350538   0.00863986
  0.00000000   0.00000000     0.00000000   0.00000000     0.00202383  -0.00498822
  0.00012329   0.00505958    -0.00007118  -0.00292115     0.00000000   0.00000000
    3    1
 -0.00000000  -0.00000000    -0.00000000  -0.00000000     0.00012329   0.00505958
 -0.00000000  -0.00000000    -0.00000000  -0.00000000    -0.00007118  -0.00292115
 -0.00350538   0.00863986     0.00202383  -0.00498822    -0.00000000  -0.00000000
    3    2
 -0.15089394  -0.48695500     0.19898766  -0.04208800     0.00000000   0.00000000
  0.19898766  -0.04208800     0.07887722  -0.53555403     0.00000000   0.00000000
  0.00000000   0.00000000     0.00000000   0.00000000    -0.02326079  -0.19742245
    3    3
  1.17821054   0.00000000    -0.18004923   0.00000000     0.00000000   0.00000000
 -0.18004923   0.00000000     0.97030760   0.00000000     0.00000000   0.00000000
  0.00000000   0.00000000     0.00000000   0.00000000     0.20003736   0.00000000
    3    4
  0.00000000   0.00000000     0.00000000   0.00000000     0.00452825  -0.00105005
  0.00000000   0.00000000     0.00000000   0.00000000    -0.00261439   0.00060624
  0.00452825  -0.00105005    -0.00261439   0.00060624    -0.00000000  -0.00000000
    4    1
 -0.15089394   0.48695500     0.19898766   0.04208800     0.00000000   0.00000000
  0.19898766   0.04208800     0.07887722   0.53555403     0.00000000   0.00000000
  0.00000000   0.00000000     0.00000000   0.00000000    -0.02326079   0.19742245
    4    2
  0.00000000  -0.00000000     0.00000000  -0.00000000     0.00012329  -0.00505958
  0.00000000  -0.00000000     0.00000000  -0.00000000    -0.00007118   0.00292115
 -0.00350538  -0.00863986     0.00202383   0.00498822     0.00000000  -0.00000000
    4    3
  0.00000000   0.00000000     0.00000000   0.00000000     0.00452825   0.00105005
  0.00000000   0.00000000     0.00000000   0.00000000    -0.00261439  -0.00060624
  0.00452825   0.00105005    -0.00261439  -0.00060624    -0.00000000   0.00000000
    4    4
  1.17821054   0.00000000    -0.18004923   0.00000000     0.00000000   0.00000000
 -0.18004923   0.00000000     0.97030760   0.00000000     0.00000000   0.00000000
  0.00000000   0.00000000     0.00000000   0.00000000     0.20003736   0.00000000

     Dynamical  Matrix in cartesian axes

     q = (   -0.333333333  -0.192450090   0.162990907 ) 

    1    1
  1.12416264   0.00000000     0.20511840   0.00000000     0.00000000   0.00000000
  0.20511840   0.00000000     0.88731231   0.00000000     0.00000000   0.00000000
  0.00000000   0.00000000     0.00000000   0.00000000     0.30846281   0.00000000
    1    2
  0.00000000  -0.00000000     0.00000000  -0.00000000    -0.01044251  -0.00582307
  0.00000000  -0.00000000    -0.00000000  -0.00000000    -0.00602898  -0.00336195
 -0.01044251  -0.00582307    -0.00602898  -0.00336195    -0.00000000  -0.00000000
    1    3
 -0.00000000   0.00000000     0.00000000  -0.00000000     0.00350538   0.00863986
  0.00000000  -0.00000000    -0.00000000   0.00000000     0.00202383   0.00498822
 -0.00012329   0.00505958    -0.00007118   0.00292115    -0.00000000   0.00000000
    1    4
 -0.34626843   0.37415549     0.13594311   0.15128437     0.00000000   0.00000000
  0.13594311   0.15128437    -0.50324201   0.19946734     0.00000000   0.00000000
  0.00000000   0.00000000     0.00000000   0.00000000    -0.15934246   0.11885566
    2    1
  0.00000000  -0.00000000     0.00000000  -0.00000000    -0.01044251   0.00582307
  0.00000000  -0.00000000    -0.00000000  -0.00000000    -0.00602898   0.00336195
 -0.01044251   0.00582307    -0.00602898   0.00336195    -0.00000000   0.00000000
    2    2
  1.12416264   0.00000000     0.20511840   0.00000000     0.00000000   0.00000000
  0.20511840   0.00000000     0.88731231   0.00000000     0.00000000   0.00000000
  0.00000000   0.00000000     0.00000000   0.00000000     0.30846281   0.00000000
    2    3
 -0.34626843  -0.37415549     0.13594311  -0.15128437     0.00000000   0.00000000
  0.13594311  -0.15128437    -0.50324201  -0.19946734     0.00000000   0.00000000
  0.00000000   0.00000000     0.00000000   0.00000000    -0.15934246  -0.11885566
    2    4
  0.00000000   0.00000000    -0.00000000  -0.00000000     0.00350538  -0.00863986
 -0.00000000  -0.00000000     0.00000000   0.00000000     0.00202383  -0.00498822
 -0.00012329  -0.00505958    -0.00007118  -0.00292115     0.00000000   0.00000000
    3    1
 -0.00000000  -0.00000000     0.00000000   0.00000000    -0.00012329  -0.00505958
  0.00000000   0.00000000    -0.00000000  -0.00000000    -0.00007118  -0.00292115
  0.00350538  -0.00863986     0.00202383  -0.00498822    -0.00000000  -0.00000000
    3    2
 -0.34626843   0.37415549     0.13594311   0.15128437     0.00000000   0.00000000
  0.13594311   0.15128437    -0.50324201   0.19946734     0.00000000   0.00000000
  0.00000000   0.00000000     0.00000000   0.00000000    -0.15934246   0.11885566
    3    3
  1.17821054   0.00000000     0.18004923   0.00000000     0.00000000   0.00000000
  0.18004923   0.00000000     0.97030760   0.00000000     0.00000000   0.00000000
  0.00000000   0.00000000     0.00000000   0.00000000     0.20003736   0.00000000
    3    4
 -0.00000000   0.00000000    -0.00000000   0.00000000     0.00317349   0.00339656
 -0.00000000   0.00000000    -0.00000000   0.00000000     0.00183222   0.00196100
  0.00317349   0.00339656     0.00183222   0.00196100    -0.00000000   0.00000000
    4    1
 -0.34626843  -0.37415549     0.13594311  -0.15128437     0.00000000   0.00000000
  0.13594311  -0.15128437    -0.50324201  -0.19946734     0.00000000   0.00000000
  0.00000000   0.00000000     0.00000000   0.00000000    -0.15934246  -0.11885566
    4    2
  0.00000000  -0.00000000    -0.00000000   0.00000000    -0.00012329   0.00505958
 -0.00000000   0.00000000     0.00000000  -0.00000000    -0.00007118   0.00292115
  0.00350538   0.00863986     0.00202383   0.00498822     0.00000000  -0.00000000
    4    3
 -0.00000000   0.00000000    -0.00000000   0.00000000     0.00317349  -0.00339656
 -0.00000000   0.00000000    -0.00000000  -0.00000000     0.00183222  -0.00196100
  0.00317349  -0.00339656     0.00183222  -0.00196100    -0.00000000  -0.00000000
    4    4
  1.17821054   0.00000000     0.18004923   0.00000000     0.00000000   0.00000000
  0.18004923   0.00000000     0.97030760   0.00000000     0.00000000   0.00000000
  0.00000000   0.00000000     0.00000000   0.00000000     0.20003736   0.00000000

     Diagonalizing the dynamical matrix

     q = (    0.000000000   0.384900179  -0.162990907 ) 

 **************************************************************************
     freq (    1) =       6.673858 [THz] =     222.615943 [cm-1]
 (  0.000000 -0.000000 -0.000000  0.000000  0.477632 -0.356256 ) 
 (  0.000000  0.000000 -0.000097 -0.000121  0.001490  0.000996 ) 
 ( -0.000000 -0.000000  0.000579  0.000343  0.002412 -0.000125 ) 
 ( -0.000000  0.000000  0.000002 -0.000001  0.803081  0.000000 ) 
     freq (    2) =       6.673858 [THz] =     222.615943 [cm-1]
 (  0.000000 -0.000000 -0.000091  0.000126 -0.001437  0.001072 ) 
 ( -0.000000  0.000000  0.000000  0.000000  0.495387  0.331122 ) 
 ( -0.000000  0.000000 -0.000002 -0.000001  0.802010 -0.041461 ) 
 ( -0.000000  0.000000  0.000560 -0.000373 -0.002416  0.000000 ) 
     freq (    3) =      14.668858 [THz] =     489.300438 [cm-1]
 ( -0.029197 -0.038725  0.000000  0.000000  0.000000 -0.000000 ) 
 (  0.204425 -0.687418 -0.000000  0.000000 -0.000000 -0.000000 ) 
 (  0.068313 -0.690252  0.000000  0.000000  0.000000 -0.000000 ) 
 ( -0.020639 -0.042121  0.000000  0.000000 -0.000000  0.000000 ) 
     freq (    4) =      14.668858 [THz] =     489.300438 [cm-1]
 ( -0.433395 -0.571403  0.000000  0.000000 -0.000000  0.000000 ) 
 ( -0.013690  0.046526  0.000000 -0.000000 -0.000000 -0.000000 ) 
 ( -0.004485  0.046691 -0.000000 -0.000000  0.000000 -0.000000 ) 
 ( -0.306999 -0.621986  0.000000  0.000000  0.000000  0.000000 ) 
     freq (    5) =      21.527873 [THz] =     718.092537 [cm-1]
 ( -0.000000  0.000000  0.026978  0.002002  0.000939 -0.000700 ) 
 (  0.000000  0.000000 -0.000016  0.000033 -0.793096  0.351296 ) 
 ( -0.000000  0.000000  0.000006  0.000011  0.243792 -0.432824 ) 
 (  0.000000  0.000000  0.004836  0.007832 -0.000671  0.000000 ) 
     freq (    6) =      21.527873 [THz] =     718.092537 [cm-1]
 (  0.000000 -0.000000 -0.000036 -0.000003  0.695305 -0.518615 ) 
 (  0.000000  0.000000 -0.011496  0.024488  0.001071 -0.000474 ) 
 ( -0.000000  0.000000  0.004451  0.008057 -0.000329  0.000584 ) 
 ( -0.000000 -0.000000 -0.000007 -0.000011 -0.496761  0.000000 ) 
     freq (    7) =      26.320267 [THz] =     877.949595 [cm-1]
 (  0.000000  0.000000  0.010078 -0.001075  0.017753 -0.012809 ) 
 ( -0.000000 -0.000000  0.305660 -0.581049  0.000285 -0.000182 ) 
 (  0.000000 -0.000000 -0.400895 -0.638260 -0.000068  0.000172 ) 
 (  0.000000 -0.000000  0.006873  0.009388 -0.012012  0.000000 ) 
     freq (    8) =      26.320267 [THz] =     877.949595 [cm-1]
 (  0.000000  0.000000  0.652839 -0.069619 -0.000274  0.000198 ) 
 (  0.000000  0.000000 -0.004718  0.008970  0.018457 -0.011772 ) 
 ( -0.000000  0.000000  0.006189  0.009853 -0.004434  0.011164 ) 
 (  0.000000 -0.000000  0.445229  0.608165  0.000185  0.000000 ) 
     freq (    9) =      36.930188 [THz] =    1231.858477 [cm-1]
 ( -0.412274  0.625526  0.000000 -0.000000 -0.000000  0.000000 ) 
 ( -0.008967 -0.222678 -0.000000  0.000000 -0.000000 -0.000000 ) 
 (  0.040660  0.173141 -0.000000 -0.000000  0.000000  0.000000 ) 
 (  0.417545 -0.427908 -0.000000 -0.000000  0.000000 -0.000000 ) 
     freq (   10) =      36.930188 [THz] =    1231.858477 [cm-1]
 ( -0.122640  0.186079  0.000000 -0.000000  0.000000 -0.000000 ) 
 (  0.030149  0.748562  0.000000 -0.000000 -0.000000 -0.000000 ) 
 ( -0.136686 -0.582036  0.000000  0.000000  0.000000  0.000000 ) 
 (  0.124209 -0.127293 -0.000000 -0.000000 -0.000000  0.000000 ) 
     freq (   11) =      41.946209 [THz] =    1399.174927 [cm-1]
 ( -0.000000  0.000000 -0.016759  0.020754  0.009768 -0.007878 ) 
 (  0.000000 -0.000000  0.300066 -0.772970 -0.000063  0.000399 ) 
 (  0.000000  0.000000  0.348508  0.435626 -0.000123 -0.000214 ) 
 (  0.000000 -0.000000  0.017737  0.002745 -0.007681  0.000000 ) 
     freq (   12) =      41.946209 [THz] =    1399.174927 [cm-1]
 ( -0.000000  0.000000 -0.520915  0.645112 -0.000314  0.000253 ) 
 ( -0.000000  0.000000 -0.009654  0.024868 -0.001968  0.012394 ) 
 ( -0.000000 -0.000000 -0.011212 -0.014015 -0.003825 -0.006661 ) 
 (  0.000000 -0.000000  0.551315  0.085316  0.000247  0.000000 ) 
 **************************************************************************
