Dynamical matrix file
phonons on a grid                                                          
  2    4   0   4.7478013   0.0000000   0.0000000   0.0000000   0.0000000   0.0000000
Basis vectors
      1.000000000    0.000000000    0.000000000
     -0.500000000    0.866025404    0.000000000
      0.000000000    0.000000000    3.067655790
           1  'B      '    9853.6237122476850     
           2  'N      '    12766.326079950019     
    1    1      0.5000000000      0.2886751346      2.3007418422
    2    1     -0.0000000001      0.5773502692      0.7669139474
    3    2      0.5000000000      0.2886751346      0.7669139474
    4    2     -0.0000000001      0.5773502692      2.3007418422

     Dynamical  Matrix in cartesian axes

     q = (    0.333333333   0.577350269   0.000000000 ) 

    1    1
  1.00128413   0.00000000     0.00000000   0.08096966     0.00000000   0.00000000
  0.00000000  -0.08096966     1.00128413   0.00000000     0.00000000   0.00000000
  0.00000000   0.00000000     0.00000000   0.00000000     0.30293835   0.00000000
    1    2
 -0.00013755  -0.00023825     0.00023825  -0.00013755     0.00000000   0.00000000
  0.00023825  -0.00013755     0.00013755   0.00023825     0.00000000  -0.00000000
  0.00000000   0.00000000     0.00000000  -0.00000000    -0.00000000  -0.00000000
    1    3
 -0.00139316   0.00000000    -0.00000000  -0.00110547     0.00000000   0.00000000
 -0.00000000   0.00110547    -0.00139316   0.00000000     0.00000000   0.00000000
  0.00000000   0.00000000     0.00000000   0.00000000     0.00500713   0.00000000
    1    4
 -0.08319445  -0.14409701     0.14409701  -0.08319445     0.00000000   0.00000000
  0.14409701  -0.08319445     0.08319445   0.14409701     0.00000000   0.00000000
 -0.00000000  -0.00000000    -0.00000000  -0.00000000     0.00000000   0.00000000
    2    1
 -0.00013755   0.00023825     0.00023825   0.00013755     0.00000000  -0.00000000
  0.00023825   0.00013755     0.00013755  -0.00023825     0.00000000   0.00000000
  0.00000000  -0.00000000     0.00000000   0.00000000    -0.00000000   0.00000000
    2    2
  1.00128413   0.00000000     0.00000000  -0.08096966     0.00000000   0.00000000
  0.00000000   0.08096966     1.00128413   0.00000000     0.00000000   0.00000000
  0.00000000   0.00000000     0.00000000   0.00000000     0.30293835   0.00000000
    2    3
 -0.08319445   0.14409701     0.14409701   0.08319445     0.00000000   0.00000000
  0.14409701   0.08319445     0.08319445  -0.14409701     0.00000000   0.00000000
 -0.00000000   0.00000000    -0.00000000   0.00000000     0.00000000  -0.00000000
    2    4
 -0.00139316   0.00000000    -0.00000000   0.00110547     0.00000000   0.00000000
 -0.00000000  -0.00110547    -0.00139316   0.00000000     0.00000000   0.00000000
  0.00000000   0.00000000     0.00000000   0.00000000     0.00500713   0.00000000
    3    1
 -0.00139316   0.00000000    -0.00000000  -0.00110547     0.00000000   0.00000000
 -0.00000000   0.00110547    -0.00139316   0.00000000     0.00000000   0.00000000
  0.00000000   0.00000000     0.00000000   0.00000000     0.00500713   0.00000000
    3    2
 -0.08319445  -0.14409701     0.14409701  -0.08319445    -0.00000000   0.00000000
  0.14409701  -0.08319445     0.08319445   0.14409701    -0.00000000   0.00000000
  0.00000000  -0.00000000     0.00000000  -0.00000000     0.00000000   0.00000000
    3    3
  1.14928663   0.00000000     0.00000000  -0.02724904     0.00000000   0.00000000
  0.00000000   0.02724904     1.14928663   0.00000000     0.00000000   0.00000000
  0.00000000   0.00000000     0.00000000   0.00000000     0.12870999   0.00000000
    3    4
 -0.00036970  -0.00064033     0.00064033  -0.00036970     0.00000000   0.00000000
  0.00064033  -0.00036970     0.00036970   0.00064033     0.00000000  -0.00000000
  0.00000000   0.00000000     0.00000000   0.00000000    -0.00000000  -0.00000000
    4    1
 -0.08319445   0.14409701     0.14409701   0.08319445    -0.00000000  -0.00000000
  0.14409701   0.08319445     0.08319445  -0.14409701    -0.00000000  -0.00000000
  0.00000000   0.00000000     0.00000000   0.00000000     0.00000000  -0.00000000
    4    2
 -0.00139316   0.00000000    -0.00000000   0.00110547     0.00000000   0.00000000
 -0.00000000  -0.00110547    -0.00139316   0.00000000     0.00000000   0.00000000
  0.00000000   0.00000000     0.00000000   0.00000000     0.00500713   0.00000000
    4    3
 -0.00036970   0.00064033     0.00064033   0.00036970     0.00000000   0.00000000
  0.00064033   0.00036970     0.00036970  -0.00064033     0.00000000   0.00000000
  0.00000000   0.00000000     0.00000000  -0.00000000    -0.00000000   0.00000000
    4    4
  1.14928663   0.00000000     0.00000000   0.02724904     0.00000000   0.00000000
  0.00000000  -0.02724904     1.14928663   0.00000000     0.00000000   0.00000000
  0.00000000   0.00000000     0.00000000   0.00000000     0.12870999   0.00000000

     Dynamical  Matrix in cartesian axes

     q = (   -0.333333333  -0.577350269   0.000000000 ) 

    1    1
  1.00128413   0.00000000     0.00000000  -0.08096966     0.00000000   0.00000000
  0.00000000   0.08096966     1.00128413   0.00000000     0.00000000   0.00000000
  0.00000000   0.00000000     0.00000000   0.00000000     0.30293835   0.00000000
    1    2
 -0.00013755   0.00023825     0.00023825   0.00013755    -0.00000000   0.00000000
  0.00023825   0.00013755     0.00013755  -0.00023825    -0.00000000   0.00000000
  0.00000000   0.00000000     0.00000000   0.00000000    -0.00000000   0.00000000
    1    3
 -0.00139316   0.00000000    -0.00000000   0.00110547     0.00000000   0.00000000
 -0.00000000  -0.00110547    -0.00139316   0.00000000    -0.00000000   0.00000000
  0.00000000   0.00000000    -0.00000000   0.00000000     0.00500713   0.00000000
    1    4
 -0.08319445   0.14409701     0.14409701   0.08319445     0.00000000   0.00000000
  0.14409701   0.08319445     0.08319445  -0.14409701     0.00000000   0.00000000
 -0.00000000  -0.00000000    -0.00000000  -0.00000000     0.00000000  -0.00000000
    2    1
 -0.00013755  -0.00023825     0.00023825  -0.00013755    -0.00000000  -0.00000000
  0.00023825  -0.00013755     0.00013755   0.00023825    -0.00000000  -0.00000000
  0.00000000   0.00000000     0.00000000   0.00000000    -0.00000000  -0.00000000
    2    2
  1.00128413   0.00000000     0.00000000   0.08096966     0.00000000   0.00000000
  0.00000000  -0.08096966     1.00128413   0.00000000     0.00000000   0.00000000
  0.00000000   0.00000000     0.00000000   0.00000000     0.30293835   0.00000000
    2    3
 -0.08319445  -0.14409701     0.14409701  -0.08319445     0.00000000   0.00000000
  0.14409701  -0.08319445     0.08319445   0.14409701     0.00000000   0.00000000
 -0.00000000   0.00000000    -0.00000000   0.00000000     0.00000000   0.00000000
    2    4
 -0.00139316   0.00000000    -0.00000000  -0.00110547     0.00000000   0.00000000
 -0.00000000   0.00110547    -0.00139316   0.00000000    -0.00000000   0.00000000
  0.00000000   0.00000000    -0.00000000   0.00000000     0.00500713   0.00000000
    3    1
 -0.00139316   0.00000000    -0.00000000   0.00110547     0.00000000   0.00000000
 -0.00000000  -0.00110547    -0.00139316   0.00000000     0.00000000   0.00000000
  0.00000000   0.00000000     0.00000000   0.00000000     0.00500713   0.00000000
    3    2
 -0.08319445   0.14409701     0.14409701   0.08319445     0.00000000  -0.00000000
  0.14409701   0.08319445     0.08319445  -0.14409701     0.00000000  -0.00000000
  0.00000000   0.00000000     0.00000000   0.00000000     0.00000000  -0.00000000
    3    3
  1.14928663   0.00000000     0.00000000   0.02724904     0.00000000   0.00000000
  0.00000000  -0.02724904     1.14928663   0.00000000     0.00000000   0.00000000
  0.00000000   0.00000000     0.00000000   0.00000000     0.12870999   0.00000000
    3    4
 -0.00036970   0.00064033     0.00064033   0.00036970    -0.00000000  -0.00000000
  0.00064033   0.00036970     0.00036970  -0.00064033    -0.00000000   0.00000000
 -0.00000000  -0.00000000    -0.00000000  -0.00000000    -0.00000000   0.00000000
    4    1
 -0.08319445  -0.14409701     0.14409701  -0.08319445     0.00000000   0.00000000
  0.14409701  -0.08319445     0.08319445   0.14409701     0.00000000   0.00000000
  0.00000000   0.00000000     0.00000000   0.00000000     0.00000000   0.00000000
    4    2
 -0.00139316   0.00000000    -0.00000000  -0.00110547     0.00000000   0.00000000
 -0.00000000   0.00110547    -0.00139316   0.00000000     0.00000000   0.00000000
  0.00000000   0.00000000     0.00000000   0.00000000     0.00500713   0.00000000
    4    3
 -0.00036970  -0.00064033     0.00064033  -0.00036970    -0.00000000   0.00000000
  0.00064033  -0.00036970     0.00036970   0.00064033    -0.00000000  -0.00000000
 -0.00000000   0.00000000    -0.00000000   0.00000000    -0.00000000  -0.00000000
    4    4
  1.14928663   0.00000000     0.00000000  -0.02724904     0.00000000   0.00000000
  0.00000000   0.02724904     1.14928663   0.00000000     0.00000000   0.00000000
  0.00000000   0.00000000     0.00000000   0.00000000     0.12870999   0.00000000

     Diagonalizing the dynamical matrix

     q = (    0.333333333   0.577350269   0.000000000 ) 

 **************************************************************************
     freq (    1) =      10.440960 [THz] =     348.272938 [cm-1]
 ( -0.000000 -0.000000  0.000000 -0.000000 -0.017377 -0.000000 ) 
 (  0.000000  0.000000 -0.000000 -0.000000  0.017377  0.000000 ) 
 ( -0.000000  0.000000 -0.000000  0.000000  0.706886  0.000000 ) 
 ( -0.000000 -0.000000 -0.000000  0.000000 -0.706901  0.000000 ) 
     freq (    2) =      10.440960 [THz] =     348.272938 [cm-1]
 ( -0.000000 -0.000000  0.000000 -0.000000 -0.017377 -0.000000 ) 
 (  0.000000 -0.000000  0.000000 -0.000000 -0.017377  0.000000 ) 
 ( -0.000000  0.000000 -0.000000  0.000000  0.706901  0.000000 ) 
 ( -0.000000 -0.000000  0.000000  0.000000  0.706886  0.000000 ) 
     freq (    3) =      18.244092 [THz] =     608.557417 [cm-1]
 (  0.000000 -0.000000  0.000000  0.000000  0.706969  0.000000 ) 
 (  0.000000 -0.000000 -0.000000 -0.000000  0.706990  0.000000 ) 
 (  0.000000  0.000000 -0.000000  0.000000  0.013414  0.000000 ) 
 (  0.000000 -0.000000 -0.000000  0.000000  0.013414 -0.000000 ) 
     freq (    4) =      18.244092 [THz] =     608.557417 [cm-1]
 ( -0.000000  0.000000  0.000000 -0.000000  0.706990  0.000000 ) 
 (  0.000000 -0.000000  0.000000 -0.000000 -0.706969  0.000000 ) 
 (  0.000000  0.000000 -0.000000  0.000000  0.013414  0.000000 ) 
 (  0.000000 -0.000000  0.000000  0.000000 -0.013414  0.000000 ) 
     freq (    5) =      26.110228 [THz] =     870.943470 [cm-1]
 ( -0.322180  0.186011 -0.186011 -0.322180  0.000000  0.000000 ) 
 (  0.000000  0.372021  0.372021 -0.000000  0.000000  0.000000 ) 
 ( -0.289310  0.167033 -0.167033 -0.289310  0.000000 -0.000000 ) 
 (  0.000000  0.334066  0.334066 -0.000000  0.000000  0.000000 ) 
     freq (    6) =      26.156657 [THz] =     872.492167 [cm-1]
 (  0.322465 -0.186175  0.186175  0.322465 -0.000000 -0.000000 ) 
 ( -0.000000  0.372351  0.372351  0.000000 -0.000000 -0.000000 ) 
 ( -0.288992  0.166849 -0.166849 -0.288992 -0.000000  0.000000 ) 
 (  0.000000 -0.333699 -0.333699 -0.000000 -0.000000  0.000000 ) 
     freq (    7) =      30.841833 [THz] =    1028.772818 [cm-1]
 (  0.005004  0.002888  0.002888 -0.005004 -0.000000 -0.000000 ) 
 ( -0.000000  0.005777 -0.005777 -0.000000 -0.000000 -0.000000 ) 
 (  0.433050  0.249951  0.249951 -0.433050  0.000000 -0.000000 ) 
 ( -0.000000  0.499926 -0.499926 -0.000000 -0.000000  0.000000 ) 
     freq (    8) =      30.841833 [THz] =    1028.772818 [cm-1]
 (  0.005003  0.002888  0.002888 -0.005003  0.000000  0.000000 ) 
 (  0.000000 -0.005778  0.005778  0.000000  0.000000  0.000000 ) 
 (  0.432979  0.249910  0.249910 -0.432979  0.000000  0.000000 ) 
 (  0.000000 -0.500008  0.500008  0.000000  0.000000  0.000000 ) 
     freq (    9) =      34.478318 [THz] =    1150.072911 [cm-1]
 (  0.433186  0.250112  0.250112 -0.433186 -0.000000  0.000000 ) 
 ( -0.000000 -0.499754  0.499754 -0.000000 -0.000000  0.000000 ) 
 ( -0.003863 -0.002231 -0.002231  0.003863  0.000000  0.000000 ) 
 (  0.000000  0.004457 -0.004457  0.000000 -0.000000  0.000000 ) 
     freq (   10) =      34.478318 [THz] =    1150.072911 [cm-1]
 (  0.432795  0.249886  0.249886 -0.432795 -0.000000  0.000000 ) 
 (  0.000000  0.500206 -0.500206  0.000000  0.000000  0.000000 ) 
 ( -0.003860 -0.002229 -0.002229  0.003860  0.000000  0.000000 ) 
 ( -0.000000 -0.004461  0.004461 -0.000000  0.000000  0.000000 ) 
     freq (   11) =      36.396456 [THz] =    1214.055108 [cm-1]
 ( -0.328379  0.189590 -0.189590 -0.328379  0.000000  0.000000 ) 
 ( -0.000000  0.379179  0.379179  0.000000 -0.000000  0.000000 ) 
 (  0.282254 -0.162959  0.162959  0.282254  0.000000  0.000000 ) 
 (  0.000000 -0.325919 -0.325919 -0.000000 -0.000000  0.000000 ) 
     freq (   12) =      36.414165 [THz] =    1214.645800 [cm-1]
 (  0.328102 -0.189430  0.189430  0.328102 -0.000000 -0.000000 ) 
 ( -0.000000  0.378859  0.378859  0.000000  0.000000 -0.000000 ) 
 (  0.282576 -0.163145  0.163145  0.282576 -0.000000 -0.000000 ) 
 ( -0.000000  0.326291  0.326291  0.000000  0.000000  0.000000 ) 
 **************************************************************************
