Dynamical matrix file
phonons on a grid                                                          
  2    4   0   4.7478013   0.0000000   0.0000000   0.0000000   0.0000000   0.0000000
Basis vectors
      1.000000000    0.000000000    0.000000000
     -0.500000000    0.866025404    0.000000000
      0.000000000    0.000000000    3.067655790
           1  'B      '    9853.6237122476850     
           2  'N      '    12766.326079950019     
    1    1      0.5000000000      0.2886751346      2.3007418422
    2    1     -0.0000000001      0.5773502692      0.7669139474
    3    2      0.5000000000      0.2886751346      0.7669139474
    4    2     -0.0000000001      0.5773502692      2.3007418422

     Dynamical  Matrix in cartesian axes

     q = (    0.333333333   0.577350269  -0.162990907 ) 

    1    1
  1.00119639   0.00000000     0.00000000   0.08087144     0.00000000   0.00000000
  0.00000000  -0.08087144     1.00119639  -0.00000000     0.00000000   0.00000000
  0.00000000   0.00000000     0.00000000   0.00000000     0.30309057   0.00000000
    1    2
  0.00000000   0.00000000     0.00000000   0.00000000    -0.00448282   0.00258816
 -0.00000000   0.00000000     0.00000000  -0.00000000     0.00258816   0.00448282
 -0.00448282   0.00258816     0.00258816   0.00448282     0.00000000   0.00000000
    1    3
  0.00000000  -0.00000000     0.00000000  -0.00000000    -0.00000000   0.00000000
 -0.00000000   0.00000000     0.00000000  -0.00000000    -0.00000000  -0.00000000
  0.00000000   0.00000000     0.00000000  -0.00000000     0.00000000   0.00000000
    1    4
 -0.08319132  -0.14409160     0.14409160  -0.08319132     0.00000000   0.00000000
  0.14409160  -0.08319132     0.08319132   0.14409160     0.00000000   0.00000000
 -0.00000000   0.00000000    -0.00000000   0.00000000     0.00000000   0.00000000
    2    1
  0.00000000  -0.00000000     0.00000000  -0.00000000    -0.00448282  -0.00258816
 -0.00000000  -0.00000000     0.00000000   0.00000000     0.00258816  -0.00448282
 -0.00448282  -0.00258816     0.00258816  -0.00448282     0.00000000   0.00000000
    2    2
  1.00119639   0.00000000     0.00000000  -0.08087144     0.00000000   0.00000000
  0.00000000   0.08087144     1.00119639   0.00000000     0.00000000   0.00000000
  0.00000000   0.00000000     0.00000000   0.00000000     0.30309057   0.00000000
    2    3
 -0.08319132   0.14409160     0.14409160   0.08319132     0.00000000  -0.00000000
  0.14409160   0.08319132     0.08319132  -0.14409160     0.00000000  -0.00000000
 -0.00000000  -0.00000000    -0.00000000  -0.00000000     0.00000000  -0.00000000
    2    4
  0.00000000   0.00000000     0.00000000   0.00000000    -0.00000000  -0.00000000
 -0.00000000  -0.00000000     0.00000000   0.00000000    -0.00000000   0.00000000
  0.00000000   0.00000000     0.00000000   0.00000000     0.00000000  -0.00000000
    3    1
  0.00000000   0.00000000    -0.00000000  -0.00000000     0.00000000   0.00000000
 -0.00000000   0.00000000     0.00000000  -0.00000000     0.00000000   0.00000000
 -0.00000000  -0.00000000    -0.00000000  -0.00000000     0.00000000  -0.00000000
    3    2
 -0.08319132  -0.14409160     0.14409160  -0.08319132     0.00000000  -0.00000000
  0.14409160  -0.08319132     0.08319132   0.14409160     0.00000000  -0.00000000
 -0.00000000   0.00000000    -0.00000000   0.00000000     0.00000000   0.00000000
    3    3
  1.14938929   0.00000000     0.00000000  -0.02745736     0.00000000   0.00000000
  0.00000000   0.02745736     1.14938929   0.00000000     0.00000000   0.00000000
  0.00000000   0.00000000     0.00000000   0.00000000     0.12858358   0.00000000
    3    4
 -0.00000000  -0.00000000     0.00000000  -0.00000000     0.00059004  -0.00034066
  0.00000000  -0.00000000     0.00000000   0.00000000    -0.00034066  -0.00059004
  0.00059004  -0.00034066    -0.00034066  -0.00059004     0.00000000  -0.00000000
    4    1
 -0.08319132   0.14409160     0.14409160   0.08319132     0.00000000   0.00000000
  0.14409160   0.08319132     0.08319132  -0.14409160     0.00000000   0.00000000
 -0.00000000  -0.00000000    -0.00000000  -0.00000000     0.00000000  -0.00000000
    4    2
  0.00000000   0.00000000    -0.00000000   0.00000000     0.00000000   0.00000000
 -0.00000000  -0.00000000     0.00000000   0.00000000     0.00000000  -0.00000000
 -0.00000000   0.00000000    -0.00000000   0.00000000     0.00000000   0.00000000
    4    3
 -0.00000000   0.00000000     0.00000000   0.00000000     0.00059004   0.00034066
  0.00000000   0.00000000     0.00000000  -0.00000000    -0.00034066   0.00059004
  0.00059004   0.00034066    -0.00034066   0.00059004     0.00000000   0.00000000
    4    4
  1.14938929   0.00000000     0.00000000   0.02745736     0.00000000   0.00000000
  0.00000000  -0.02745736     1.14938929   0.00000000     0.00000000   0.00000000
  0.00000000   0.00000000     0.00000000   0.00000000     0.12858358   0.00000000

     Dynamical  Matrix in cartesian axes

     q = (   -0.333333333  -0.577350269   0.162990907 ) 

    1    1
  1.00119639   0.00000000     0.00000000  -0.08087144     0.00000000   0.00000000
  0.00000000   0.08087144     1.00119639   0.00000000     0.00000000   0.00000000
  0.00000000   0.00000000     0.00000000   0.00000000     0.30309057   0.00000000
    1    2
 -0.00000000   0.00000000     0.00000000   0.00000000    -0.00448282  -0.00258816
 -0.00000000   0.00000000     0.00000000   0.00000000     0.00258816  -0.00448282
 -0.00448282  -0.00258816     0.00258816  -0.00448282     0.00000000   0.00000000
    1    3
 -0.00000000  -0.00000000     0.00000000  -0.00000000     0.00000000   0.00000000
 -0.00000000   0.00000000    -0.00000000  -0.00000000     0.00000000  -0.00000000
  0.00000000   0.00000000     0.00000000   0.00000000    -0.00000000   0.00000000
    1    4
 -0.08319132   0.14409160     0.14409160   0.08319132     0.00000000  -0.00000000
  0.14409160   0.08319132     0.08319132  -0.14409160    -0.00000000  -0.00000000
  0.00000000  -0.00000000     0.00000000   0.00000000     0.00000000  -0.00000000
    2    1
 -0.00000000  -0.00000000     0.00000000  -0.00000000    -0.00448282   0.00258816
 -0.00000000  -0.00000000     0.00000000  -0.00000000     0.00258816   0.00448282
 -0.00448282   0.00258816     0.00258816   0.00448282     0.00000000  -0.00000000
    2    2
  1.00119639   0.00000000     0.00000000   0.08087144     0.00000000   0.00000000
  0.00000000  -0.08087144     1.00119639  -0.00000000     0.00000000   0.00000000
  0.00000000   0.00000000     0.00000000   0.00000000     0.30309057   0.00000000
    2    3
 -0.08319132  -0.14409160     0.14409160  -0.08319132     0.00000000   0.00000000
  0.14409160  -0.08319132     0.08319132   0.14409160    -0.00000000   0.00000000
  0.00000000   0.00000000     0.00000000  -0.00000000     0.00000000   0.00000000
    2    4
 -0.00000000   0.00000000     0.00000000   0.00000000     0.00000000  -0.00000000
 -0.00000000  -0.00000000    -0.00000000   0.00000000     0.00000000   0.00000000
  0.00000000   0.00000000     0.00000000  -0.00000000    -0.00000000  -0.00000000
    3    1
 -0.00000000   0.00000000     0.00000000  -0.00000000     0.00000000   0.00000000
  0.00000000   0.00000000    -0.00000000   0.00000000     0.00000000  -0.00000000
  0.00000000  -0.00000000     0.00000000   0.00000000    -0.00000000  -0.00000000
    3    2
 -0.08319132   0.14409160     0.14409160   0.08319132     0.00000000  -0.00000000
  0.14409160   0.08319132     0.08319132  -0.14409160     0.00000000  -0.00000000
  0.00000000  -0.00000000     0.00000000  -0.00000000     0.00000000  -0.00000000
    3    3
  1.14938929   0.00000000     0.00000000   0.02745736     0.00000000   0.00000000
  0.00000000  -0.02745736     1.14938929  -0.00000000     0.00000000   0.00000000
  0.00000000   0.00000000    -0.00000000   0.00000000     0.12858358   0.00000000
    3    4
  0.00000000  -0.00000000    -0.00000000   0.00000000     0.00059004   0.00034066
 -0.00000000  -0.00000000    -0.00000000   0.00000000    -0.00034066   0.00059004
  0.00059004   0.00034066    -0.00034066   0.00059004    -0.00000000  -0.00000000
    4    1
 -0.08319132  -0.14409160     0.14409160  -0.08319132     0.00000000   0.00000000
  0.14409160  -0.08319132     0.08319132   0.14409160     0.00000000   0.00000000
  0.00000000   0.00000000     0.00000000   0.00000000     0.00000000   0.00000000
    4    2
 -0.00000000   0.00000000     0.00000000   0.00000000     0.00000000   0.00000000
  0.00000000  -0.00000000    -0.00000000  -0.00000000     0.00000000   0.00000000
  0.00000000   0.00000000     0.00000000  -0.00000000    -0.00000000   0.00000000
    4    3
  0.00000000   0.00000000    -0.00000000  -0.00000000     0.00059004  -0.00034066
 -0.00000000   0.00000000    -0.00000000  -0.00000000    -0.00034066  -0.00059004
  0.00059004  -0.00034066    -0.00034066  -0.00059004    -0.00000000   0.00000000
    4    4
  1.14938929   0.00000000     0.00000000  -0.02745736     0.00000000   0.00000000
  0.00000000   0.02745736     1.14938929   0.00000000     0.00000000   0.00000000
  0.00000000   0.00000000    -0.00000000   0.00000000     0.12858358   0.00000000

     Diagonalizing the dynamical matrix

     q = (    0.333333333   0.577350269  -0.162990907 ) 

 **************************************************************************
     freq (    1) =      10.440787 [THz] =     348.267176 [cm-1]
 ( -0.000000  0.000000 -0.000000  0.000000  0.000000  0.000000 ) 
 (  0.000000  0.000000 -0.000000 -0.000000 -0.000000 -0.000000 ) 
 ( -0.000000  0.000000  0.000000  0.000000 -0.882596 -0.470131 ) 
 (  0.000363  0.000582 -0.000582  0.000363  0.000000  0.000000 ) 
     freq (    2) =      10.440787 [THz] =     348.267176 [cm-1]
 (  0.000000  0.000000 -0.000000 -0.000000  0.000000 -0.000000 ) 
 (  0.000000  0.000000 -0.000000  0.000000  0.000000  0.000000 ) 
 ( -0.000594  0.000343  0.000343  0.000594  0.000000  0.000000 ) 
 ( -0.000000 -0.000000  0.000000 -0.000000  1.000000  0.000000 ) 
     freq (    3) =      18.243744 [THz] =     608.545798 [cm-1]
 (  0.000001  0.000001  0.000001 -0.000001  0.999956 -0.000000 ) 
 (  0.005754  0.003322 -0.003322  0.005754  0.000011  0.000143 ) 
 (  0.000000 -0.000000 -0.000000 -0.000000 -0.000000 -0.000000 ) 
 ( -0.000000  0.000000 -0.000000 -0.000000 -0.000000  0.000000 ) 
     freq (    4) =      18.243744 [THz] =     608.545798 [cm-1]
 ( -0.003742 -0.005490 -0.005490  0.003742  0.000144 -0.000000 ) 
 (  0.000001  0.000000 -0.000000  0.000001 -0.074633 -0.997167 ) 
 (  0.000000  0.000000 -0.000000 -0.000000  0.000000  0.000000 ) 
 (  0.000000 -0.000000  0.000000  0.000000 -0.000000  0.000000 ) 
     freq (    5) =      26.136368 [THz] =     871.815408 [cm-1]
 ( -0.011738  0.076806 -0.076806 -0.011738  0.000000  0.000000 ) 
 ( -0.455612  0.252035  0.252035  0.455612 -0.000000 -0.000000 ) 
 ( -0.400011 -0.240822  0.240822 -0.400011  0.000000  0.000000 ) 
 (  0.054384  0.043553  0.043553 -0.054384 -0.000000  0.000000 ) 
     freq (    6) =      26.136368 [THz] =     871.815408 [cm-1]
 (  0.078662 -0.514701  0.514701  0.078662  0.000000  0.000000 ) 
 ( -0.067989  0.037610  0.037610  0.067989  0.000000  0.000000 ) 
 ( -0.059692 -0.035937  0.035937 -0.059692 -0.000000 -0.000000 ) 
 ( -0.364445 -0.291863 -0.291863  0.364445 -0.000000  0.000000 ) 
     freq (    7) =      30.840791 [THz] =    1028.738044 [cm-1]
 (  0.000000 -0.000000  0.000000 -0.000000 -0.000000  0.000000 ) 
 (  0.000000  0.000000 -0.000000  0.000000 -0.000000 -0.000000 ) 
 (  0.610288 -0.352350 -0.352350 -0.610288  0.000071  0.000037 ) 
 (  0.031040  0.049334 -0.049334  0.031040  0.000967  0.000000 ) 
     freq (    8) =      30.840791 [THz] =    1028.738044 [cm-1]
 (  0.000000 -0.000000  0.000000 -0.000000  0.000000  0.000000 ) 
 ( -0.000000 -0.000000  0.000000 -0.000000 -0.000000 -0.000000 ) 
 ( -0.050477  0.029143  0.029143  0.050477  0.000855  0.000451 ) 
 (  0.375281  0.596462 -0.596462  0.375281 -0.000080  0.000000 ) 
     freq (    9) =      34.476097 [THz] =    1149.998813 [cm-1]
 (  0.706737  0.021871  0.021871 -0.706737  0.000000 -0.000000 ) 
 ( -0.000000  0.000000 -0.000000 -0.000000 -0.007988 -0.004948 ) 
 (  0.000000  0.000000 -0.000000  0.000000  0.000000  0.000000 ) 
 ( -0.000000 -0.000000  0.000000  0.000000  0.000000 -0.000000 ) 
     freq (   10) =      34.476097 [THz] =    1149.998813 [cm-1]
 (  0.000000  0.000000  0.000000 -0.000000 -0.009396  0.000000 ) 
 (  0.612346  0.353537 -0.353537  0.612346 -0.000000 -0.000000 ) 
 ( -0.000000  0.000000  0.000000  0.000000  0.000000 -0.000000 ) 
 ( -0.000000  0.000000 -0.000000 -0.000000  0.000000 -0.000000 ) 
     freq (   11) =      36.406998 [THz] =    1214.406731 [cm-1]
 ( -0.465298 -0.265920  0.265920 -0.465298  0.000000 -0.000000 ) 
 ( -0.000000 -0.000000 -0.000000  0.000000 -0.000000  0.000000 ) 
 ( -0.000000  0.000000 -0.000000 -0.000000  0.000000 -0.000000 ) 
 (  0.398467 -0.232396 -0.232396 -0.398467 -0.000000  0.000000 ) 
     freq (   12) =      36.406998 [THz] =    1214.406731 [cm-1]
 ( -0.000000  0.000000 -0.000000 -0.000000  0.000000  0.000000 ) 
 (  0.455487 -0.282395 -0.282395 -0.455487 -0.000000  0.000000 ) 
 ( -0.406526 -0.217993  0.217993 -0.406526  0.000000 -0.000000 ) 
 ( -0.000000 -0.000000 -0.000000  0.000000 -0.000000  0.000000 ) 
 **************************************************************************
