Dynamical matrix file
phonons on a grid                                                          
  2    3   0   1.0000000   0.0000000   0.0000000   0.0000000   0.0000000   0.0000000
Basis vectors
      6.018846169   -0.000000000    0.000000000
     -3.009423085    5.212473684    0.000000000
      0.000000000    0.000000000   20.000000000
           1  'S      '    29230.016876494614     
           2  'Mo     '    87453.075126275595     
    1    2     -0.0000000006      3.4749824562      0.0000000000
    2    1      3.0094230846      1.7374912278      2.9548775440
    3    1      3.0094230846      1.7374912278     -2.9548775440

     Dynamical  Matrix in cartesian axes

     q = (    0.000000000   0.000000000   0.000000000 ) 

    1    1
  0.40098272   0.00000000     0.00000000   0.00000000     0.00000000   0.00000000
  0.00000000   0.00000000     0.40098272   0.00000000     0.00000000   0.00000000
  0.00000000   0.00000000     0.00000000   0.00000000     0.61518132   0.00000000
    1    2
 -0.20068656   0.00000000    -0.00000000   0.00000000     0.00000000   0.00000000
 -0.00000000   0.00000000    -0.20068656   0.00000000     0.00000000   0.00000000
 -0.00000000   0.00000000    -0.00000000   0.00000000    -0.30775097   0.00000000
    1    3
 -0.20068656   0.00000000    -0.00000000   0.00000000     0.00000000   0.00000000
 -0.00000000   0.00000000    -0.20068656   0.00000000     0.00000000   0.00000000
  0.00000000   0.00000000     0.00000000   0.00000000    -0.30775097   0.00000000
    2    1
 -0.20068656   0.00000000    -0.00000000   0.00000000     0.00000000   0.00000000
 -0.00000000   0.00000000    -0.20068656   0.00000000    -0.00000000   0.00000000
  0.00000000   0.00000000     0.00000000   0.00000000    -0.30775097   0.00000000
    2    2
  0.19271609   0.00000000     0.00000000   0.00000000     0.00000000   0.00000000
  0.00000000   0.00000000     0.19271609   0.00000000     0.00000000   0.00000000
  0.00000000   0.00000000     0.00000000   0.00000000     0.42360424   0.00000000
    2    3
  0.00798985   0.00000000     0.00000000   0.00000000     0.00000000   0.00000000
  0.00000000   0.00000000     0.00798985   0.00000000     0.00000000   0.00000000
  0.00000000   0.00000000     0.00000000   0.00000000    -0.11595552   0.00000000
    3    1
 -0.20068656   0.00000000    -0.00000000   0.00000000     0.00000000   0.00000000
 -0.00000000   0.00000000    -0.20068656   0.00000000     0.00000000   0.00000000
  0.00000000   0.00000000     0.00000000   0.00000000    -0.30775097   0.00000000
    3    2
  0.00798985   0.00000000     0.00000000   0.00000000     0.00000000   0.00000000
  0.00000000   0.00000000     0.00798985   0.00000000     0.00000000   0.00000000
  0.00000000   0.00000000     0.00000000   0.00000000    -0.11595552   0.00000000
    3    3
  0.19271609   0.00000000     0.00000000   0.00000000     0.00000000   0.00000000
  0.00000000   0.00000000     0.19271609   0.00000000     0.00000000   0.00000000
  0.00000000   0.00000000     0.00000000   0.00000000     0.42360424   0.00000000

     Dielectric Tensor:

          9.532706904466          0.000000000818          0.000000000000
          0.000000000818          9.532706903892          0.000000000000
          0.000000000000          0.000000000000          1.454290320798

     Effective Charges E-U: Z_{alpha}{s,beta}

     atom #    1
         -0.899263088962         -0.000000001429          0.000000000000
         -0.000000001429         -0.899263087960          0.000000000000
          0.000000000000          0.000000000000         -0.065859032344
     atom #    2
          0.437826260013         -0.000000000534         -0.000000000000
         -0.000000000534          0.437826260387          0.000000000000
         -0.000000000000         -0.000000000000          0.031126702415
     atom #    3
          0.437826260013         -0.000000000534          0.000000000000
         -0.000000000534          0.437826260387         -0.000000000000
         -0.000000000000         -0.000000000000          0.031126702415

     Effective Charges U-E: Z_{s,alpha}{beta}

     atom #    1
     -0.899840848128E+00     -0.142924960755E-08      0.000000000000E+00
     -0.142924960755E-08     -0.899840847126E+00      0.000000000000E+00
      0.000000000000E+00      0.000000000000E+00     -0.659393724626E-01
     atom #    2
      0.437926575503E+00     -0.533534993963E-09      0.000000000000E+00
     -0.533536770320E-09      0.437926575877E+00      0.283991336150E-17
      0.000000000000E+00      0.000000000000E+00      0.310369658149E-01
     atom #    3
      0.437926575503E+00     -0.533534549874E-09      0.000000000000E+00
     -0.533534105784E-09      0.437926575877E+00      0.141995668075E-17
      0.000000000000E+00      0.000000000000E+00      0.310369658149E-01

     Diagonalizing the dynamical matrix

     q = (    0.000000000   0.000000000   0.000000000 ) 

 **************************************************************************
     freq (    1) =      -0.197357 [THz] =      -6.583122 [cm-1]
 (  0.000000  0.000000 -0.000000  0.000000 -0.577354  0.000000 ) 
 (  0.000000  0.000000 -0.000000  0.000000 -0.577348  0.000000 ) 
 (  0.000000  0.000000 -0.000000  0.000000 -0.577348  0.000000 ) 
     freq (    2) =      -0.161523 [THz] =      -5.387811 [cm-1]
 ( -0.471608  0.000000 -0.333343  0.000000  0.000000 -0.000000 ) 
 ( -0.471397  0.000000 -0.333194  0.000000  0.000000 -0.000000 ) 
 ( -0.471397  0.000000 -0.333194  0.000000  0.000000 -0.000000 ) 
     freq (    3) =      -0.161523 [THz] =      -5.387811 [cm-1]
 (  0.333343 -0.000000 -0.471608  0.000000  0.000000  0.000000 ) 
 (  0.333194 -0.000000 -0.471397  0.000000  0.000000  0.000000 ) 
 (  0.333194 -0.000000 -0.471397  0.000000  0.000000  0.000000 ) 
     freq (    4) =       8.270367 [THz] =     275.869754 [cm-1]
 ( -0.000000  0.000000  0.000000  0.000000  0.000000  0.000000 ) 
 (  0.408979  0.000000 -0.576833  0.000000 -0.000000  0.000000 ) 
 ( -0.408979  0.000000  0.576833  0.000000  0.000000  0.000000 ) 
     freq (    5) =       8.270367 [THz] =     275.869754 [cm-1]
 ( -0.000000  0.000000 -0.000000  0.000000 -0.000000  0.000000 ) 
 (  0.576833  0.000000  0.408979  0.000000  0.000000  0.000000 ) 
 ( -0.576833  0.000000 -0.408979  0.000000  0.000000  0.000000 ) 
     freq (    6) =      11.134043 [THz] =     371.391703 [cm-1]
 ( -0.247079  0.000000  0.348487  0.000000 -0.000000  0.000000 ) 
 (  0.369783  0.000000 -0.521551  0.000000 -0.000000  0.000000 ) 
 (  0.369783  0.000000 -0.521551  0.000000 -0.000000  0.000000 ) 
     freq (    7) =      11.134043 [THz] =     371.391703 [cm-1]
 (  0.348487  0.000000  0.247079  0.000000 -0.000000  0.000000 ) 
 ( -0.521551  0.000000 -0.369783  0.000000  0.000000  0.000000 ) 
 ( -0.521551  0.000000 -0.369783  0.000000  0.000000  0.000000 ) 
     freq (    8) =      13.787190 [THz] =     459.891147 [cm-1]
 ( -0.000000  0.000000 -0.000000  0.000000 -0.427343  0.000000 ) 
 (  0.000000  0.000000  0.000000  0.000000  0.639288  0.000000 ) 
 (  0.000000  0.000000  0.000000  0.000000  0.639288  0.000000 ) 
     freq (    9) =      14.134494 [THz] =     471.475981 [cm-1]
 (  0.000000  0.000000  0.000000  0.000000 -0.000000  0.000000 ) 
 ( -0.000000  0.000000 -0.000000  0.000000 -0.707107  0.000000 ) 
 ( -0.000000  0.000000 -0.000000  0.000000  0.707107  0.000000 ) 
 **************************************************************************
