Dynamical matrix file
phonons on a grid                                                          
  2    3   0   1.0000000   0.0000000   0.0000000   0.0000000   0.0000000   0.0000000
Basis vectors
      6.018846169   -0.000000000    0.000000000
     -3.009423085    5.212473684    0.000000000
      0.000000000    0.000000000   20.000000000
           1  'S      '    29230.016876494614     
           2  'Mo     '    87453.075126275595     
    1    2     -0.0000000006      3.4749824562      0.0000000000
    2    1      3.0094230846      1.7374912278      2.9548775440
    3    1      3.0094230846      1.7374912278     -2.9548775440

     Dynamical  Matrix in cartesian axes

     q = (    0.000000000   0.063949164   0.000000000 ) 

    1    1
  0.47760239   0.00000000     0.00000000   0.00000000     0.00000000   0.00000000
  0.00000000   0.00000000     0.53644495   0.00000000     0.00000000   0.00000000
  0.00000000   0.00000000     0.00000000   0.00000000     0.54621241   0.00000000
    1    2
 -0.15816952  -0.03688793    -0.00000000  -0.00000000     0.00000000   0.00000000
 -0.00000000  -0.00000000    -0.05140130  -0.07106832     0.10201730  -0.06086654
  0.00000000   0.00000000     0.10806110  -0.06859955    -0.13203662  -0.07719786
    1    3
 -0.15816952  -0.03688793    -0.00000000  -0.00000000     0.00000000   0.00000000
 -0.00000000  -0.00000000    -0.05140130  -0.07106832    -0.10201730   0.06086654
  0.00000000   0.00000000    -0.10806110   0.06859955    -0.13203662  -0.07719786
    2    1
 -0.15816952   0.03688793    -0.00000000   0.00000000     0.00000000   0.00000000
 -0.00000000   0.00000000    -0.05140130   0.07106832     0.10806110   0.06859955
  0.00000000   0.00000000     0.10201730   0.06086654    -0.13203662   0.07719786
    2    2
  0.20079057   0.00000000     0.00000000   0.00000000     0.00000000   0.00000000
  0.00000000   0.00000000     0.24988431   0.00000000    -0.00186538   0.00488916
  0.00000000   0.00000000    -0.00186538  -0.00488916     0.37782470   0.00000000
    2    3
 -0.00497955   0.00000000    -0.00000000   0.00000000     0.00000000   0.00000000
 -0.00000000   0.00000000     0.01758585   0.00000000     0.00830277   0.00999865
  0.00000000   0.00000000    -0.00830277   0.00999865    -0.03867517   0.00000000
    3    1
 -0.15816952   0.03688793    -0.00000000   0.00000000     0.00000000   0.00000000
 -0.00000000   0.00000000    -0.05140130   0.07106832    -0.10806110  -0.06859955
  0.00000000   0.00000000    -0.10201730  -0.06086654    -0.13203662   0.07719786
    3    2
 -0.00497955   0.00000000    -0.00000000   0.00000000     0.00000000   0.00000000
 -0.00000000   0.00000000     0.01758585   0.00000000    -0.00830277  -0.00999865
  0.00000000   0.00000000     0.00830277  -0.00999865    -0.03867517   0.00000000
    3    3
  0.20079057   0.00000000     0.00000000   0.00000000     0.00000000   0.00000000
  0.00000000   0.00000000     0.24988431   0.00000000     0.00186538  -0.00488916
  0.00000000   0.00000000     0.00186538   0.00488916     0.37782470   0.00000000

     Dynamical  Matrix in cartesian axes

     q = (   -0.000000000  -0.063949164  -0.000000000 ) 

    1    1
  0.47760239  -0.00000000     0.00000000  -0.00000000     0.00000000  -0.00000000
  0.00000000  -0.00000000     0.53644495  -0.00000000     0.00000000  -0.00000000
  0.00000000  -0.00000000     0.00000000  -0.00000000     0.54621241  -0.00000000
    1    2
 -0.15816952   0.03688793    -0.00000000   0.00000000     0.00000000  -0.00000000
 -0.00000000   0.00000000    -0.05140130   0.07106832     0.10201730   0.06086654
  0.00000000  -0.00000000     0.10806110   0.06859955    -0.13203662   0.07719786
    1    3
 -0.15816952   0.03688793    -0.00000000   0.00000000     0.00000000  -0.00000000
 -0.00000000   0.00000000    -0.05140130   0.07106832    -0.10201730  -0.06086654
  0.00000000  -0.00000000    -0.10806110  -0.06859955    -0.13203662   0.07719786
    2    1
 -0.15816952  -0.03688793    -0.00000000  -0.00000000     0.00000000  -0.00000000
 -0.00000000  -0.00000000    -0.05140130  -0.07106832     0.10806110  -0.06859955
  0.00000000  -0.00000000     0.10201730  -0.06086654    -0.13203662  -0.07719786
    2    2
  0.20079057  -0.00000000     0.00000000  -0.00000000     0.00000000  -0.00000000
  0.00000000  -0.00000000     0.24988431  -0.00000000    -0.00186538  -0.00488916
  0.00000000  -0.00000000    -0.00186538   0.00488916     0.37782470  -0.00000000
    2    3
 -0.00497955  -0.00000000    -0.00000000  -0.00000000     0.00000000  -0.00000000
 -0.00000000  -0.00000000     0.01758585  -0.00000000     0.00830277  -0.00999865
  0.00000000  -0.00000000    -0.00830277  -0.00999865    -0.03867517  -0.00000000
    3    1
 -0.15816952  -0.03688793    -0.00000000  -0.00000000     0.00000000  -0.00000000
 -0.00000000  -0.00000000    -0.05140130  -0.07106832    -0.10806110   0.06859955
  0.00000000  -0.00000000    -0.10201730   0.06086654    -0.13203662  -0.07719786
    3    2
 -0.00497955  -0.00000000    -0.00000000  -0.00000000     0.00000000  -0.00000000
 -0.00000000  -0.00000000     0.01758585  -0.00000000    -0.00830277   0.00999865
  0.00000000  -0.00000000     0.00830277   0.00999865    -0.03867517  -0.00000000
    3    3
  0.20079057  -0.00000000     0.00000000  -0.00000000     0.00000000  -0.00000000
  0.00000000  -0.00000000     0.24988431  -0.00000000     0.00186538   0.00488916
  0.00000000  -0.00000000     0.00186538  -0.00488916     0.37782470  -0.00000000

     Dynamical  Matrix in cartesian axes

     q = (    0.055381600  -0.031974582   0.000000000 ) 

    1    1
  0.52173431   0.00000000    -0.02547958   0.00000000     0.00000000   0.00000000
 -0.02547958   0.00000000     0.49231303   0.00000000     0.00000000   0.00000000
  0.00000000   0.00000000     0.00000000   0.00000000     0.54621241   0.00000000
    1    2
 -0.01510003   0.09889244     0.03593364   0.03263781    -0.08982469  -0.05015699
  0.03593364   0.03263781     0.02639257   0.13657934     0.05186031   0.02895815
 -0.09824149  -0.05134135     0.05671975   0.02964194    -0.00083699   0.15294600
    1    3
 -0.01510003   0.09889244     0.03593364   0.03263781     0.08982469   0.05015699
  0.03593364   0.03263781     0.02639257   0.13657934    -0.05186031  -0.02895815
  0.09824149   0.05134135    -0.05671975  -0.02964194    -0.00083699   0.15294600
    2    1
 -0.01510003  -0.09889244     0.03593364  -0.03263781    -0.09824149   0.05134135
  0.03593364  -0.03263781     0.02639257  -0.13657934     0.05671975  -0.02964194
 -0.08982469   0.05015699     0.05186031  -0.02895815    -0.00083699  -0.15294600
    2    2
  0.23761087   0.00000000    -0.02125821   0.00000000    -0.00161547   0.00423414
 -0.02125821   0.00000000     0.21306400   0.00000000     0.00093269  -0.00244458
 -0.00161547  -0.00423414     0.00093269   0.00244458     0.37782470   0.00000000
    2    3
  0.01194450   0.00000000    -0.00977111  -0.00000000     0.00719041   0.00865909
 -0.00977111  -0.00000000     0.00066180   0.00000000    -0.00415138  -0.00499933
 -0.00719041   0.00865909     0.00415138  -0.00499933    -0.03867517   0.00000000
    3    1
 -0.01510003  -0.09889244     0.03593364  -0.03263781     0.09824149  -0.05134135
  0.03593364  -0.03263781     0.02639257  -0.13657934    -0.05671975   0.02964194
  0.08982469  -0.05015699    -0.05186031   0.02895815    -0.00083699  -0.15294600
    3    2
  0.01194450   0.00000000    -0.00977111  -0.00000000    -0.00719041  -0.00865909
 -0.00977111  -0.00000000     0.00066180   0.00000000     0.00415138   0.00499933
  0.00719041  -0.00865909    -0.00415138   0.00499933    -0.03867517   0.00000000
    3    3
  0.23761087   0.00000000    -0.02125821   0.00000000     0.00161547  -0.00423414
 -0.02125821   0.00000000     0.21306400   0.00000000    -0.00093269   0.00244458
  0.00161547   0.00423414    -0.00093269  -0.00244458     0.37782470   0.00000000

     Dynamical  Matrix in cartesian axes

     q = (   -0.055381600   0.031974582  -0.000000000 ) 

    1    1
  0.52173431  -0.00000000    -0.02547958  -0.00000000     0.00000000  -0.00000000
 -0.02547958  -0.00000000     0.49231303  -0.00000000     0.00000000  -0.00000000
  0.00000000  -0.00000000     0.00000000  -0.00000000     0.54621241  -0.00000000
    1    2
 -0.01510003  -0.09889244     0.03593364  -0.03263781    -0.08982469   0.05015699
  0.03593364  -0.03263781     0.02639257  -0.13657934     0.05186031  -0.02895815
 -0.09824149   0.05134135     0.05671975  -0.02964194    -0.00083699  -0.15294600
    1    3
 -0.01510003  -0.09889244     0.03593364  -0.03263781     0.08982469  -0.05015699
  0.03593364  -0.03263781     0.02639257  -0.13657934    -0.05186031   0.02895815
  0.09824149  -0.05134135    -0.05671975   0.02964194    -0.00083699  -0.15294600
    2    1
 -0.01510003   0.09889244     0.03593364   0.03263781    -0.09824149  -0.05134135
  0.03593364   0.03263781     0.02639257   0.13657934     0.05671975   0.02964194
 -0.08982469  -0.05015699     0.05186031   0.02895815    -0.00083699   0.15294600
    2    2
  0.23761087  -0.00000000    -0.02125821  -0.00000000    -0.00161547  -0.00423414
 -0.02125821  -0.00000000     0.21306400  -0.00000000     0.00093269   0.00244458
 -0.00161547   0.00423414     0.00093269  -0.00244458     0.37782470  -0.00000000
    2    3
  0.01194450  -0.00000000    -0.00977111   0.00000000     0.00719041  -0.00865909
 -0.00977111   0.00000000     0.00066180  -0.00000000    -0.00415138   0.00499933
 -0.00719041  -0.00865909     0.00415138   0.00499933    -0.03867517  -0.00000000
    3    1
 -0.01510003   0.09889244     0.03593364   0.03263781     0.09824149   0.05134135
  0.03593364   0.03263781     0.02639257   0.13657934    -0.05671975  -0.02964194
  0.08982469   0.05015699    -0.05186031  -0.02895815    -0.00083699   0.15294600
    3    2
  0.01194450  -0.00000000    -0.00977111   0.00000000    -0.00719041   0.00865909
 -0.00977111   0.00000000     0.00066180  -0.00000000     0.00415138  -0.00499933
  0.00719041   0.00865909    -0.00415138  -0.00499933    -0.03867517  -0.00000000
    3    3
  0.23761087  -0.00000000    -0.02125821  -0.00000000     0.00161547   0.00423414
 -0.02125821  -0.00000000     0.21306400  -0.00000000    -0.00093269  -0.00244458
  0.00161547  -0.00423414    -0.00093269   0.00244458     0.37782470  -0.00000000

     Dynamical  Matrix in cartesian axes

     q = (   -0.055381600  -0.031974582   0.000000000 ) 

    1    1
  0.52173431   0.00000000     0.02547958   0.00000000     0.00000000   0.00000000
  0.02547958   0.00000000     0.49231303   0.00000000     0.00000000   0.00000000
  0.00000000   0.00000000     0.00000000   0.00000000     0.54621241   0.00000000
    1    2
 -0.07809335  -0.06252322     0.04623200  -0.01480054    -0.08834957   0.05271197
  0.04623200  -0.01480054    -0.13147746  -0.04543303    -0.05100865   0.03043327
 -0.09358366   0.05940895    -0.05403055   0.03429977    -0.13203662  -0.07719786
    1    3
 -0.07809335  -0.06252322     0.04623200  -0.01480054     0.08834957  -0.05271197
  0.04623200  -0.01480054    -0.13147746  -0.04543303     0.05100865  -0.03043327
  0.09358366  -0.05940895     0.05403055  -0.03429977    -0.13203662  -0.07719786
    2    1
 -0.07809335   0.06252322     0.04623200   0.01480054    -0.09358366  -0.05940895
  0.04623200   0.01480054    -0.13147746   0.04543303    -0.05403055  -0.03429977
 -0.08834957  -0.05271197    -0.05100865  -0.03043327    -0.13203662   0.07719786
    2    2
  0.23761087   0.00000000     0.02125821   0.00000000     0.00161547  -0.00423414
  0.02125821   0.00000000     0.21306400   0.00000000     0.00093269  -0.00244458
  0.00161547   0.00423414     0.00093269   0.00244458     0.37782470   0.00000000
    2    3
  0.01194450   0.00000000     0.00977111   0.00000000    -0.00719041  -0.00865909
  0.00977111   0.00000000     0.00066180   0.00000000    -0.00415138  -0.00499933
  0.00719041  -0.00865909     0.00415138  -0.00499933    -0.03867517   0.00000000
    3    1
 -0.07809335   0.06252322     0.04623200   0.01480054     0.09358366   0.05940895
  0.04623200   0.01480054    -0.13147746   0.04543303     0.05403055   0.03429977
  0.08834957   0.05271197     0.05100865   0.03043327    -0.13203662   0.07719786
    3    2
  0.01194450   0.00000000     0.00977111   0.00000000     0.00719041   0.00865909
  0.00977111   0.00000000     0.00066180   0.00000000     0.00415138   0.00499933
 -0.00719041   0.00865909    -0.00415138   0.00499933    -0.03867517   0.00000000
    3    3
  0.23761087   0.00000000     0.02125821   0.00000000    -0.00161547   0.00423414
  0.02125821   0.00000000     0.21306400   0.00000000    -0.00093269   0.00244458
 -0.00161547  -0.00423414    -0.00093269  -0.00244458     0.37782470   0.00000000

     Dynamical  Matrix in cartesian axes

     q = (    0.055381600   0.031974582  -0.000000000 ) 

    1    1
  0.52173431  -0.00000000     0.02547958  -0.00000000     0.00000000  -0.00000000
  0.02547958  -0.00000000     0.49231303  -0.00000000     0.00000000  -0.00000000
  0.00000000  -0.00000000     0.00000000  -0.00000000     0.54621241  -0.00000000
    1    2
 -0.07809335   0.06252322     0.04623200   0.01480054    -0.08834957  -0.05271197
  0.04623200   0.01480054    -0.13147746   0.04543303    -0.05100865  -0.03043327
 -0.09358366  -0.05940895    -0.05403055  -0.03429977    -0.13203662   0.07719786
    1    3
 -0.07809335   0.06252322     0.04623200   0.01480054     0.08834957   0.05271197
  0.04623200   0.01480054    -0.13147746   0.04543303     0.05100865   0.03043327
  0.09358366   0.05940895     0.05403055   0.03429977    -0.13203662   0.07719786
    2    1
 -0.07809335  -0.06252322     0.04623200  -0.01480054    -0.09358366   0.05940895
  0.04623200  -0.01480054    -0.13147746  -0.04543303    -0.05403055   0.03429977
 -0.08834957   0.05271197    -0.05100865   0.03043327    -0.13203662  -0.07719786
    2    2
  0.23761087  -0.00000000     0.02125821  -0.00000000     0.00161547   0.00423414
  0.02125821  -0.00000000     0.21306400  -0.00000000     0.00093269   0.00244458
  0.00161547  -0.00423414     0.00093269  -0.00244458     0.37782470  -0.00000000
    2    3
  0.01194450  -0.00000000     0.00977111  -0.00000000    -0.00719041   0.00865909
  0.00977111  -0.00000000     0.00066180  -0.00000000    -0.00415138   0.00499933
  0.00719041   0.00865909     0.00415138   0.00499933    -0.03867517  -0.00000000
    3    1
 -0.07809335  -0.06252322     0.04623200  -0.01480054     0.09358366  -0.05940895
  0.04623200  -0.01480054    -0.13147746  -0.04543303     0.05403055  -0.03429977
  0.08834957  -0.05271197     0.05100865  -0.03043327    -0.13203662  -0.07719786
    3    2
  0.01194450  -0.00000000     0.00977111  -0.00000000     0.00719041  -0.00865909
  0.00977111  -0.00000000     0.00066180  -0.00000000     0.00415138  -0.00499933
 -0.00719041  -0.00865909    -0.00415138  -0.00499933    -0.03867517  -0.00000000
    3    3
  0.23761087  -0.00000000     0.02125821  -0.00000000    -0.00161547  -0.00423414
  0.02125821  -0.00000000     0.21306400  -0.00000000    -0.00093269  -0.00244458
 -0.00161547   0.00423414    -0.00093269   0.00244458     0.37782470  -0.00000000

     Diagonalizing the dynamical matrix

     q = (    0.000000000   0.063949164   0.000000000 ) 

 **************************************************************************
     freq (    1) =       4.022783 [THz] =     134.185583 [cm-1]
 ( -0.398705  0.381953  0.000000 -0.000000 -0.000000  0.000000 ) 
 ( -0.321970  0.493871  0.000000 -0.000000 -0.000000  0.000000 ) 
 ( -0.321970  0.493871  0.000000 -0.000000  0.000000  0.000000 ) 
     freq (    2) =       4.555212 [THz] =     151.945519 [cm-1]
 (  0.000000  0.000000  0.000000 -0.000000 -0.505437 -0.298818 ) 
 ( -0.000000 -0.000000  0.206117  0.408920 -0.343397  0.000000 ) 
 (  0.000000  0.000000 -0.206117 -0.408920 -0.343397  0.000000 ) 
     freq (    3) =       6.479122 [THz] =     216.120258 [cm-1]
 ( -0.000000 -0.000000  0.588535 -0.392001  0.000000  0.000000 ) 
 (  0.000000 -0.000000 -0.003202 -0.411597 -0.283829  0.000000 ) 
 (  0.000000 -0.000000 -0.003202 -0.411597  0.283829  0.000000 ) 
     freq (    4) =       8.728742 [THz] =     291.159494 [cm-1]
 ( -0.000000 -0.000000 -0.000000  0.000000  0.000000  0.000000 ) 
 ( -0.325337 -0.627818  0.000000  0.000000  0.000000 -0.000000 ) 
 (  0.325337  0.627818 -0.000000 -0.000000  0.000000  0.000000 ) 
     freq (    5) =      10.196842 [THz] =     340.130026 [cm-1]
 ( -0.000000  0.000000  0.000000 -0.000000  0.166638  0.091622 ) 
 (  0.000000  0.000000  0.285286  0.540690  0.328915  0.000000 ) 
 ( -0.000000 -0.000000 -0.285286 -0.540690  0.328915  0.000000 ) 
     freq (    6) =      10.464513 [THz] =     349.058594 [cm-1]
 ( -0.000000  0.000000  0.205385 -0.049639 -0.000000 -0.000000 ) 
 (  0.000000 -0.000000 -0.181457  0.640221 -0.186726 -0.000000 ) 
 (  0.000000 -0.000000 -0.181457  0.640221  0.186726  0.000000 ) 
     freq (    7) =      10.743739 [THz] =     358.372556 [cm-1]
 ( -0.313777  0.323364 -0.000000  0.000000  0.000000 -0.000000 ) 
 (  0.325220 -0.541038  0.000000 -0.000000  0.000000  0.000000 ) 
 (  0.325220 -0.541038  0.000000 -0.000000 -0.000000  0.000000 ) 
     freq (    8) =      12.428360 [THz] =     414.565474 [cm-1]
 ( -0.000000 -0.000000 -0.000000  0.000000 -0.298560 -0.172410 ) 
 ( -0.000000 -0.000000 -0.088324 -0.160185  0.638050  0.000000 ) 
 (  0.000000  0.000000  0.088324  0.160185  0.638050  0.000000 ) 
     freq (    9) =      12.967636 [THz] =     432.553765 [cm-1]
 ( -0.000000  0.000000 -0.190103  0.102725  0.000000  0.000000 ) 
 (  0.000000 -0.000000  0.050474 -0.081944 -0.683661 -0.000000 ) 
 (  0.000000 -0.000000  0.050474 -0.081944  0.683661  0.000000 ) 
 **************************************************************************
