Dynamical matrix file
phonons on a grid                                                          
  2    3   0   1.0000000   0.0000000   0.0000000   0.0000000   0.0000000   0.0000000
Basis vectors
      6.018846169   -0.000000000    0.000000000
     -3.009423085    5.212473684    0.000000000
      0.000000000    0.000000000   20.000000000
           1  'S      '    29230.016876494614     
           2  'Mo     '    87453.075126275595     
    1    2     -0.0000000006      3.4749824562      0.0000000000
    2    1      3.0094230846      1.7374912278      2.9548775440
    3    1      3.0094230846      1.7374912278     -2.9548775440

     Dynamical  Matrix in cartesian axes

     q = (    0.055381600   0.095923746   0.000000000 ) 

    1    1
  0.53316816   0.00000000     0.00000000   0.10772763     0.00000000   0.00000000
  0.00000000  -0.10772763     0.53316816   0.00000000     0.00000000   0.00000000
  0.00000000   0.00000000     0.00000000   0.00000000     0.50476812   0.00000000
    1    2
 -0.02987087   0.05173786     0.05173786   0.02987087    -0.08659116  -0.04999343
  0.05173786   0.02987087     0.02987087  -0.05173786     0.04999343  -0.08659116
 -0.08813437  -0.05088440     0.05088440  -0.08813437    -0.00000000   0.00000000
    1    3
 -0.02987087   0.05173786     0.05173786   0.02987087     0.08659116   0.04999343
  0.05173786   0.02987087     0.02987087  -0.05173786    -0.04999343   0.08659116
  0.08813437   0.05088440    -0.05088440   0.08813437    -0.00000000   0.00000000
    2    1
 -0.02987087  -0.05173786     0.05173786  -0.02987087    -0.08813437   0.05088440
  0.05173786  -0.02987087     0.02987087   0.05173786     0.05088440   0.08813437
 -0.08659116   0.04999343     0.04999343   0.08659116    -0.00000000  -0.00000000
    2    2
  0.24663835   0.00000000     0.00000000  -0.00223457     0.00000000   0.00000000
  0.00000000   0.00223457     0.24663835   0.00000000     0.00000000   0.00000000
  0.00000000  -0.00000000     0.00000000  -0.00000000     0.35201755   0.00000000
    2    3
  0.00263640  -0.00000000     0.00000000   0.01301504     0.00000000   0.00000000
  0.00000000  -0.01301504     0.00263640   0.00000000     0.00000000   0.00000000
  0.00000000   0.00000000     0.00000000   0.00000000    -0.03014951   0.00000000
    3    1
 -0.02987087  -0.05173786     0.05173786  -0.02987087     0.08813437  -0.05088440
  0.05173786  -0.02987087     0.02987087   0.05173786    -0.05088440  -0.08813437
  0.08659116  -0.04999343    -0.04999343  -0.08659116    -0.00000000  -0.00000000
    3    2
  0.00263640  -0.00000000     0.00000000   0.01301504     0.00000000   0.00000000
  0.00000000  -0.01301504     0.00263640  -0.00000000     0.00000000   0.00000000
 -0.00000000   0.00000000    -0.00000000   0.00000000    -0.03014951   0.00000000
    3    3
  0.24663835   0.00000000     0.00000000  -0.00223457     0.00000000   0.00000000
  0.00000000   0.00223457     0.24663835   0.00000000     0.00000000   0.00000000
  0.00000000   0.00000000     0.00000000   0.00000000     0.35201755   0.00000000

     Dynamical  Matrix in cartesian axes

     q = (   -0.055381600   0.095923746   0.000000000 ) 

    1    1
  0.53316816   0.00000000     0.00000000  -0.10772763     0.00000000   0.00000000
  0.00000000   0.10772763     0.53316816  -0.00000000     0.00000000   0.00000000
  0.00000000   0.00000000     0.00000000   0.00000000     0.50476812   0.00000000
    1    2
 -0.02987087  -0.05173786     0.05173786  -0.02987087    -0.08659116   0.04999343
  0.05173786  -0.02987087     0.02987087   0.05173786     0.04999343   0.08659116
 -0.08813437   0.05088440     0.05088440   0.08813437    -0.00000000  -0.00000000
    1    3
 -0.02987087  -0.05173786     0.05173786  -0.02987087     0.08659116  -0.04999343
  0.05173786  -0.02987087     0.02987087   0.05173786    -0.04999343  -0.08659116
  0.08813437  -0.05088440    -0.05088440  -0.08813437    -0.00000000  -0.00000000
    2    1
 -0.02987087   0.05173786     0.05173786   0.02987087    -0.08813437  -0.05088440
  0.05173786   0.02987087     0.02987087  -0.05173786     0.05088440  -0.08813437
 -0.08659116  -0.04999343     0.04999343  -0.08659116    -0.00000000   0.00000000
    2    2
  0.24663835   0.00000000     0.00000000   0.00223457     0.00000000   0.00000000
  0.00000000  -0.00223457     0.24663835   0.00000000     0.00000000   0.00000000
  0.00000000   0.00000000     0.00000000   0.00000000     0.35201755   0.00000000
    2    3
  0.00263640  -0.00000000     0.00000000  -0.01301504     0.00000000   0.00000000
  0.00000000   0.01301504     0.00263640  -0.00000000     0.00000000   0.00000000
  0.00000000   0.00000000     0.00000000   0.00000000    -0.03014951   0.00000000
    3    1
 -0.02987087   0.05173786     0.05173786   0.02987087     0.08813437   0.05088440
  0.05173786   0.02987087     0.02987087  -0.05173786    -0.05088440   0.08813437
  0.08659116   0.04999343    -0.04999343   0.08659116    -0.00000000   0.00000000
    3    2
  0.00263640  -0.00000000     0.00000000  -0.01301504     0.00000000   0.00000000
  0.00000000   0.01301504     0.00263640   0.00000000     0.00000000   0.00000000
  0.00000000   0.00000000     0.00000000   0.00000000    -0.03014951   0.00000000
    3    3
  0.24663835   0.00000000     0.00000000   0.00223457     0.00000000   0.00000000
  0.00000000  -0.00223457     0.24663835   0.00000000     0.00000000   0.00000000
  0.00000000  -0.00000000     0.00000000  -0.00000000     0.35201755   0.00000000

     Diagonalizing the dynamical matrix

     q = (    0.055381600   0.095923746   0.000000000 ) 

 **************************************************************************
     freq (    1) =       5.349665 [THz] =     178.445605 [cm-1]
 ( -0.000000 -0.000000  0.000000 -0.000000 -0.086768 -0.590649 ) 
 ( -0.248923 -0.314545 -0.314545  0.248923 -0.000000  0.000000 ) 
 (  0.248923  0.314545  0.314545 -0.248923 -0.000000  0.000000 ) 
     freq (    2) =       5.948450 [THz] =     198.418939 [cm-1]
 ( -0.502209 -0.289951  0.289951 -0.502209  0.000000  0.000000 ) 
 ( -0.000000 -0.000000  0.000000 -0.000000 -0.404617 -0.000000 ) 
 ( -0.000000 -0.000000  0.000000 -0.000000  0.404617  0.000000 ) 
     freq (    3) =       6.881996 [THz] =     229.558666 [cm-1]
 ( -0.209537  0.325614  0.325614  0.209537  0.000000 -0.000000 ) 
 ( -0.417886 -0.020159  0.020159 -0.417886  0.000000 -0.000000 ) 
 ( -0.417886 -0.020159  0.020159 -0.417886 -0.000000  0.000000 ) 
     freq (    4) =       9.797634 [THz] =     326.813878 [cm-1]
 (  0.000000  0.000000  0.000000 -0.000000  0.000000 -0.000000 ) 
 ( -0.500000  0.000000 -0.000000 -0.500000  0.000000 -0.000000 ) 
 (  0.500000 -0.000000  0.000000  0.500000 -0.000000  0.000000 ) 
     freq (    5) =       9.812808 [THz] =     327.320037 [cm-1]
 (  0.000000 -0.000000 -0.000000 -0.000000  0.000000  0.000000 ) 
 ( -0.000001  0.500000  0.500000  0.000001  0.000000  0.000000 ) 
 ( -0.000001  0.500000  0.500000  0.000001 -0.000000  0.000000 ) 
     freq (    6) =      10.888114 [THz] =     363.188405 [cm-1]
 (  0.000000 -0.000000 -0.000000 -0.000000 -0.200994  0.357038 ) 
 ( -0.004958 -0.456078 -0.456078  0.004958  0.000000 -0.000000 ) 
 (  0.004958  0.456078  0.456078 -0.004958  0.000000  0.000000 ) 
     freq (    7) =      10.916903 [THz] =     364.148671 [cm-1]
 (  0.000000 -0.000000 -0.000000 -0.000000  0.000000 -0.000000 ) 
 ( -0.000000  0.000000  0.000000 -0.000000  0.707107  0.000000 ) 
 ( -0.000000 -0.000000 -0.000000 -0.000000  0.707107  0.000000 ) 
     freq (    8) =      10.966413 [THz] =     365.800155 [cm-1]
 (  0.168715 -0.273814 -0.273814 -0.168715  0.000000 -0.000000 ) 
 ( -0.445105 -0.012744  0.012744 -0.445105 -0.000000 -0.000000 ) 
 ( -0.445105 -0.012744  0.012744 -0.445105 -0.000000  0.000000 ) 
     freq (    9) =      12.600541 [THz] =     420.308794 [cm-1]
 ( -0.139078 -0.080297  0.080297 -0.139078  0.000000  0.000000 ) 
 ( -0.000000  0.000000 -0.000000  0.000000  0.688629  0.000000 ) 
 ( -0.000000  0.000000 -0.000000 -0.000000 -0.688629  0.000000 ) 
 **************************************************************************
