Dynamical matrix file
phonons on a grid                                                          
  1    2   0  10.3346008   0.0000000   0.0000000   0.0000000   0.0000000   0.0000000
Basis vectors
     -0.500000000    0.000000000    0.500000000
      0.000000000    0.500000000    0.500000000
     -0.500000000    0.500000000    0.000000000
           1  'Si     '    25597.911567706618     
    1    1      0.0000000000      0.0000000000      0.0000000000
    2    1      0.2500000000     -0.2500000000     -0.2500000000

     Dynamical  Matrix in cartesian axes

     q = (    0.000000000   0.000000000   0.000000000 ) 

    1    1
  0.27858702   0.00000000    -0.00000000   0.00000000    -0.00000000   0.00000000
 -0.00000000   0.00000000     0.27858702   0.00000000    -0.00000000   0.00000000
 -0.00000000   0.00000000    -0.00000000   0.00000000     0.27858702   0.00000000
    1    2
 -0.27863355   0.00000000     0.00000000   0.00000000     0.00000000   0.00000000
  0.00000000   0.00000000    -0.27863355   0.00000000     0.00000000   0.00000000
 -0.00000000   0.00000000    -0.00000000   0.00000000    -0.27863355   0.00000000
    2    1
 -0.27863355   0.00000000     0.00000000   0.00000000     0.00000000   0.00000000
  0.00000000   0.00000000    -0.27863355   0.00000000     0.00000000   0.00000000
 -0.00000000   0.00000000    -0.00000000   0.00000000    -0.27863355   0.00000000
    2    2
  0.27858702   0.00000000    -0.00000000   0.00000000    -0.00000000   0.00000000
 -0.00000000   0.00000000     0.27858702   0.00000000    -0.00000000   0.00000000
 -0.00000000   0.00000000    -0.00000000   0.00000000     0.27858702   0.00000000

     Dielectric Tensor:

         23.781670382409         -0.000000000000         -0.000000000000
         -0.000000000000         23.781670382409          0.000000000000
         -0.000000000000          0.000000000000         23.781670382409

     Effective Charges E-U: Z_{alpha}{s,beta}

     atom #    1
         -1.160955373585         -0.000000000000          0.000000000000
          0.000000000000         -1.160955373585         -0.000000000000
         -0.000000000000         -0.000000000000         -1.160955373585
     atom #    2
         -1.160955373585          0.000000000000          0.000000000000
          0.000000000000         -1.160955373585         -0.000000000000
          0.000000000000         -0.000000000000         -1.160955373585

     Effective Charges U-E: Z_{s,alpha}{beta}

     atom #    1
     -0.116116535185E+01      0.310862446895E-14      0.133226762955E-14
      0.310862446895E-14     -0.116116535185E+01     -0.133226762955E-14
      0.133226762955E-14     -0.444089209850E-15     -0.116116535185E+01
     atom #    2
     -0.116116535185E+01     -0.133226762955E-14      0.310862446895E-14
     -0.133226762955E-14     -0.116116535185E+01     -0.133226762955E-14
      0.222044604925E-14     -0.222044604925E-14     -0.116116535185E+01

     Diagonalizing the dynamical matrix

     q = (    0.000000000   0.000000000   0.000000000 ) 

 **************************************************************************
     freq (    1) =      -0.140262 [THz] =      -4.678639 [cm-1]
 ( -0.332497  0.000000 -0.332738  0.000000  0.527949  0.000000 ) 
 ( -0.332497  0.000000 -0.332738  0.000000  0.527949  0.000000 ) 
     freq (    2) =      -0.140262 [THz] =      -4.678639 [cm-1]
 (  0.600239  0.000000 -0.006829  0.000000  0.373720  0.000000 ) 
 (  0.600239  0.000000 -0.006829  0.000000  0.373720  0.000000 ) 
     freq (    3) =      -0.140262 [THz] =      -4.678639 [cm-1]
 (  0.170760  0.000000 -0.623890  0.000000 -0.285662  0.000000 ) 
 (  0.170760  0.000000 -0.623890  0.000000 -0.285662  0.000000 ) 
     freq (    4) =      15.349221 [THz] =     511.994898 [cm-1]
 (  0.206523  0.000000  0.361680  0.000000 -0.571433  0.000000 ) 
 ( -0.206523  0.000000 -0.361680  0.000000  0.571433  0.000000 ) 
     freq (    5) =      15.349221 [THz] =     511.994898 [cm-1]
 ( -0.657541  0.000000 -0.032270  0.000000 -0.258068  0.000000 ) 
 (  0.657541  0.000000  0.032270  0.000000  0.258068  0.000000 ) 
     freq (    6) =      15.349221 [THz] =     511.994898 [cm-1]
 (  0.158078  0.000000 -0.606751  0.000000 -0.326902  0.000000 ) 
 ( -0.158078  0.000000  0.606751  0.000000  0.326902  0.000000 ) 
 **************************************************************************
