Dynamical matrix file
phonons on a grid                                                          
  1    2   0  10.3346008   0.0000000   0.0000000   0.0000000   0.0000000   0.0000000
Basis vectors
     -0.500000000    0.000000000    0.500000000
      0.000000000    0.500000000    0.500000000
     -0.500000000    0.500000000    0.000000000
           1  'Si     '    25597.911567706618     
    1    1      0.0000000000      0.0000000000      0.0000000000
    2    1      0.2500000000     -0.2500000000     -0.2500000000

     Dynamical  Matrix in cartesian axes

     q = (    0.500000000  -0.500000000   0.500000000 ) 

    1    1
  0.27714898   0.00000000    -0.02078957   0.00000000     0.02078957   0.00000000
 -0.02078957   0.00000000     0.27714898   0.00000000    -0.02078957   0.00000000
  0.02078957   0.00000000    -0.02078957   0.00000000     0.27714898   0.00000000
    1    2
 -0.15013094   0.00000000    -0.08168448   0.00000000     0.08168448   0.00000000
 -0.08168448   0.00000000    -0.15013094   0.00000000    -0.08168448   0.00000000
  0.08168448   0.00000000    -0.08168448   0.00000000    -0.15013094   0.00000000
    2    1
 -0.15013094   0.00000000    -0.08168448   0.00000000     0.08168448   0.00000000
 -0.08168448   0.00000000    -0.15013094   0.00000000    -0.08168448   0.00000000
  0.08168448   0.00000000    -0.08168448   0.00000000    -0.15013094   0.00000000
    2    2
  0.27714898   0.00000000    -0.02078957   0.00000000     0.02078957   0.00000000
 -0.02078957   0.00000000     0.27714898   0.00000000    -0.02078957   0.00000000
  0.02078957   0.00000000    -0.02078957   0.00000000     0.27714898   0.00000000

     Dynamical  Matrix in cartesian axes

     q = (    0.500000000   0.500000000   0.500000000 ) 

    1    1
  0.27714898   0.00000000     0.02078957   0.00000000     0.02078957   0.00000000
  0.02078957   0.00000000     0.27714898   0.00000000     0.02078957   0.00000000
  0.02078957   0.00000000     0.02078957   0.00000000     0.27714898   0.00000000
    1    2
 -0.15013094   0.00000000     0.08168448   0.00000000     0.08168448   0.00000000
  0.08168448   0.00000000    -0.15013094   0.00000000     0.08168448   0.00000000
  0.08168448   0.00000000     0.08168448   0.00000000    -0.15013094   0.00000000
    2    1
 -0.15013094   0.00000000     0.08168448   0.00000000     0.08168448   0.00000000
  0.08168448   0.00000000    -0.15013094   0.00000000     0.08168448   0.00000000
  0.08168448   0.00000000     0.08168448   0.00000000    -0.15013094   0.00000000
    2    2
  0.27714898   0.00000000     0.02078957   0.00000000     0.02078957   0.00000000
  0.02078957   0.00000000     0.27714898   0.00000000     0.02078957   0.00000000
  0.02078957   0.00000000     0.02078957   0.00000000     0.27714898   0.00000000

     Dynamical  Matrix in cartesian axes

     q = (   -0.500000000   0.500000000   0.500000000 ) 

    1    1
  0.27714898   0.00000000    -0.02078957   0.00000000    -0.02078957   0.00000000
 -0.02078957   0.00000000     0.27714898   0.00000000     0.02078957   0.00000000
 -0.02078957   0.00000000     0.02078957   0.00000000     0.27714898   0.00000000
    1    2
  0.15013094  -0.00000000     0.08168448  -0.00000000     0.08168448  -0.00000000
  0.08168448  -0.00000000     0.15013094  -0.00000000    -0.08168448   0.00000000
  0.08168448  -0.00000000    -0.08168448   0.00000000     0.15013094  -0.00000000
    2    1
  0.15013094   0.00000000     0.08168448   0.00000000     0.08168448   0.00000000
  0.08168448   0.00000000     0.15013094   0.00000000    -0.08168448  -0.00000000
  0.08168448   0.00000000    -0.08168448  -0.00000000     0.15013094   0.00000000
    2    2
  0.27714898   0.00000000    -0.02078957   0.00000000    -0.02078957   0.00000000
 -0.02078957   0.00000000     0.27714898   0.00000000     0.02078957   0.00000000
 -0.02078957   0.00000000     0.02078957   0.00000000     0.27714898   0.00000000

     Dynamical  Matrix in cartesian axes

     q = (    0.500000000   0.500000000  -0.500000000 ) 

    1    1
  0.27714898   0.00000000     0.02078957   0.00000000    -0.02078957   0.00000000
  0.02078957   0.00000000     0.27714898   0.00000000    -0.02078957   0.00000000
 -0.02078957   0.00000000    -0.02078957   0.00000000     0.27714898   0.00000000
    1    2
 -0.15013094   0.00000000     0.08168448   0.00000000    -0.08168448   0.00000000
  0.08168448   0.00000000    -0.15013094   0.00000000    -0.08168448   0.00000000
 -0.08168448   0.00000000    -0.08168448   0.00000000    -0.15013094   0.00000000
    2    1
 -0.15013094   0.00000000     0.08168448   0.00000000    -0.08168448   0.00000000
  0.08168448   0.00000000    -0.15013094   0.00000000    -0.08168448   0.00000000
 -0.08168448   0.00000000    -0.08168448   0.00000000    -0.15013094   0.00000000
    2    2
  0.27714898   0.00000000     0.02078957   0.00000000    -0.02078957   0.00000000
  0.02078957   0.00000000     0.27714898   0.00000000    -0.02078957   0.00000000
 -0.02078957   0.00000000    -0.02078957   0.00000000     0.27714898   0.00000000

     Diagonalizing the dynamical matrix

     q = (    0.500000000  -0.500000000   0.500000000 ) 

 **************************************************************************
     freq (    1) =       3.221405 [THz] =     107.454511 [cm-1]
 (  0.573822  0.000000  0.342102  0.000000 -0.231720  0.000000 ) 
 (  0.573822  0.000000  0.342102  0.000000 -0.231720  0.000000 ) 
     freq (    2) =       3.221405 [THz] =     107.454511 [cm-1]
 (  0.063729  0.000000 -0.465080  0.000000 -0.528809  0.000000 ) 
 (  0.063729  0.000000 -0.465080  0.000000 -0.528809  0.000000 ) 
     freq (    3) =      11.365050 [THz] =     379.097253 [cm-1]
 ( -0.408248  0.000000  0.408248  0.000000 -0.408248  0.000000 ) 
 (  0.408248  0.000000 -0.408248  0.000000  0.408248  0.000000 ) 
     freq (    4) =      11.847308 [THz] =     395.183645 [cm-1]
 ( -0.408248  0.000000  0.408248  0.000000 -0.408248  0.000000 ) 
 ( -0.408248  0.000000  0.408248  0.000000 -0.408248  0.000000 ) 
     freq (    5) =      14.366814 [THz] =     479.225316 [cm-1]
 (  0.408671  0.000000  0.557522  0.000000  0.148851  0.000000 ) 
 ( -0.408671  0.000000 -0.557522  0.000000 -0.148851  0.000000 ) 
     freq (    6) =      14.366814 [THz] =     479.225316 [cm-1]
 (  0.407825  0.000000 -0.150007  0.000000 -0.557832  0.000000 ) 
 ( -0.407825  0.000000  0.150007  0.000000  0.557832  0.000000 ) 
 **************************************************************************
