Dynamical matrix file
phonons on a grid                                                          
  1    2   0  10.3346008   0.0000000   0.0000000   0.0000000   0.0000000   0.0000000
Basis vectors
     -0.500000000    0.000000000    0.500000000
      0.000000000    0.500000000    0.500000000
     -0.500000000    0.500000000    0.000000000
           1  'Si     '    25597.911567706618     
    1    1      0.0000000000      0.0000000000      0.0000000000
    2    1      0.2500000000     -0.2500000000     -0.2500000000

     Dynamical  Matrix in cartesian axes

     q = (    0.000000000   0.500000000   0.000000000 ) 

    1    1
  0.24940960   0.00000000     0.00000000   0.00000000     0.00000000   0.00000000
  0.00000000   0.00000000     0.31505167   0.00000000     0.00000000   0.00000000
  0.00000000   0.00000000     0.00000000   0.00000000     0.24940960   0.00000000
    1    2
 -0.12724069  -0.12724069     0.00000000   0.00000000     0.08248420  -0.08248420
  0.00000000   0.00000000    -0.13911949  -0.13911949     0.00000000   0.00000000
  0.08248420  -0.08248420     0.00000000   0.00000000    -0.12724069  -0.12724069
    2    1
 -0.12724069   0.12724069    -0.00000000   0.00000000     0.08248420   0.08248420
  0.00000000   0.00000000    -0.13911949   0.13911949     0.00000000  -0.00000000
  0.08248420   0.08248420    -0.00000000   0.00000000    -0.12724069   0.12724069
    2    2
  0.24940960   0.00000000     0.00000000   0.00000000    -0.00000000   0.00000000
  0.00000000   0.00000000     0.31505167   0.00000000     0.00000000   0.00000000
 -0.00000000   0.00000000     0.00000000   0.00000000     0.24940960   0.00000000

     Dynamical  Matrix in cartesian axes

     q = (    0.000000000  -0.500000000   0.000000000 ) 

    1    1
  0.24940960   0.00000000     0.00000000   0.00000000     0.00000000   0.00000000
  0.00000000   0.00000000     0.31505167   0.00000000     0.00000000   0.00000000
 -0.00000000   0.00000000     0.00000000   0.00000000     0.24940960   0.00000000
    1    2
 -0.12724069   0.12724069     0.00000000   0.00000000     0.08248420   0.08248420
  0.00000000   0.00000000    -0.13911949   0.13911949     0.00000000   0.00000000
  0.08248420   0.08248420     0.00000000   0.00000000    -0.12724069   0.12724069
    2    1
 -0.12724069  -0.12724069     0.00000000   0.00000000     0.08248420  -0.08248420
  0.00000000   0.00000000    -0.13911949  -0.13911949     0.00000000   0.00000000
  0.08248420  -0.08248420     0.00000000   0.00000000    -0.12724069  -0.12724069
    2    2
  0.24940960   0.00000000     0.00000000   0.00000000     0.00000000   0.00000000
  0.00000000   0.00000000     0.31505167   0.00000000     0.00000000   0.00000000
  0.00000000   0.00000000     0.00000000   0.00000000     0.24940960   0.00000000

     Dynamical  Matrix in cartesian axes

     q = (    0.500000000   0.000000000   0.000000000 ) 

    1    1
  0.31505167   0.00000000     0.00000000   0.00000000     0.00000000   0.00000000
  0.00000000   0.00000000     0.24940960   0.00000000     0.00000000   0.00000000
  0.00000000   0.00000000     0.00000000   0.00000000     0.24940960   0.00000000
    1    2
 -0.13911949   0.13911949     0.00000000   0.00000000     0.00000000  -0.00000000
  0.00000000   0.00000000    -0.12724069   0.12724069    -0.08248420  -0.08248420
  0.00000000   0.00000000    -0.08248420  -0.08248420    -0.12724069   0.12724069
    2    1
 -0.13911949  -0.13911949     0.00000000   0.00000000     0.00000000   0.00000000
  0.00000000   0.00000000    -0.12724069  -0.12724069    -0.08248420   0.08248420
  0.00000000   0.00000000    -0.08248420   0.08248420    -0.12724069  -0.12724069
    2    2
  0.31505167   0.00000000     0.00000000   0.00000000     0.00000000   0.00000000
  0.00000000   0.00000000     0.24940960   0.00000000     0.00000000   0.00000000
  0.00000000   0.00000000     0.00000000   0.00000000     0.24940960   0.00000000

     Dynamical  Matrix in cartesian axes

     q = (    0.000000000   0.000000000   0.500000000 ) 

    1    1
  0.24940960   0.00000000    -0.00000000   0.00000000    -0.00000000   0.00000000
  0.00000000   0.00000000     0.24940960   0.00000000     0.00000000   0.00000000
 -0.00000000   0.00000000     0.00000000   0.00000000     0.31505167   0.00000000
    1    2
 -0.12724069  -0.12724069     0.08248420  -0.08248420     0.00000000  -0.00000000
  0.08248420  -0.08248420    -0.12724069  -0.12724069     0.00000000   0.00000000
 -0.00000000  -0.00000000    -0.00000000  -0.00000000    -0.13911949  -0.13911949
    2    1
 -0.12724069   0.12724069     0.08248420   0.08248420     0.00000000   0.00000000
  0.08248420   0.08248420    -0.12724069   0.12724069     0.00000000   0.00000000
  0.00000000   0.00000000    -0.00000000   0.00000000    -0.13911949   0.13911949
    2    2
  0.24940960   0.00000000     0.00000000   0.00000000     0.00000000   0.00000000
  0.00000000   0.00000000     0.24940960   0.00000000     0.00000000   0.00000000
  0.00000000   0.00000000     0.00000000   0.00000000     0.31505167   0.00000000

     Dynamical  Matrix in cartesian axes

     q = (    0.000000000   0.000000000  -0.500000000 ) 

    1    1
  0.24940960   0.00000000     0.00000000   0.00000000     0.00000000   0.00000000
  0.00000000   0.00000000     0.24940960   0.00000000     0.00000000   0.00000000
  0.00000000   0.00000000     0.00000000   0.00000000     0.31505167   0.00000000
    1    2
 -0.12724069   0.12724069     0.08248420   0.08248420     0.00000000   0.00000000
  0.08248420   0.08248420    -0.12724069   0.12724069     0.00000000   0.00000000
  0.00000000  -0.00000000    -0.00000000   0.00000000    -0.13911949   0.13911949
    2    1
 -0.12724069  -0.12724069     0.08248420  -0.08248420     0.00000000  -0.00000000
  0.08248420  -0.08248420    -0.12724069  -0.12724069     0.00000000  -0.00000000
  0.00000000   0.00000000    -0.00000000  -0.00000000    -0.13911949  -0.13911949
    2    2
  0.24940960   0.00000000     0.00000000   0.00000000    -0.00000000   0.00000000
  0.00000000   0.00000000     0.24940960   0.00000000     0.00000000   0.00000000
 -0.00000000   0.00000000     0.00000000   0.00000000     0.31505167   0.00000000

     Dynamical  Matrix in cartesian axes

     q = (   -0.500000000   0.000000000   0.000000000 ) 

    1    1
  0.31505167   0.00000000     0.00000000   0.00000000     0.00000000   0.00000000
  0.00000000   0.00000000     0.24940960   0.00000000    -0.00000000   0.00000000
  0.00000000   0.00000000     0.00000000   0.00000000     0.24940960   0.00000000
    1    2
 -0.13911949  -0.13911949     0.00000000   0.00000000     0.00000000   0.00000000
  0.00000000   0.00000000    -0.12724069  -0.12724069    -0.08248420   0.08248420
  0.00000000   0.00000000    -0.08248420   0.08248420    -0.12724069  -0.12724069
    2    1
 -0.13911949   0.13911949     0.00000000   0.00000000     0.00000000   0.00000000
  0.00000000   0.00000000    -0.12724069   0.12724069    -0.08248420  -0.08248420
  0.00000000   0.00000000    -0.08248420  -0.08248420    -0.12724069   0.12724069
    2    2
  0.31505167   0.00000000     0.00000000   0.00000000     0.00000000   0.00000000
  0.00000000   0.00000000     0.24940960   0.00000000     0.00000000   0.00000000
  0.00000000   0.00000000     0.00000000   0.00000000     0.24940960   0.00000000

     Diagonalizing the dynamical matrix

     q = (    0.000000000   0.500000000   0.000000000 ) 

 **************************************************************************
     freq (    1) =       3.844787 [THz] =     128.248296 [cm-1]
 (  0.101306 -0.550497 -0.000000 -0.000000  0.414197  0.123007 ) 
 ( -0.378526 -0.593371 -0.000000  0.000000  0.068039  0.000000 ) 
     freq (    2) =       3.844787 [THz] =     128.248296 [cm-1]
 ( -0.283040  0.326463 -0.000000  0.000000  0.381472  0.409621 ) 
 (  0.036592  0.057361 -0.000000  0.000000  0.703826  0.000000 ) 
     freq (    3) =       7.072582 [THz] =     235.915935 [cm-1]
 (  0.000000  0.000000 -0.654314 -0.268091 -0.000000  0.000000 ) 
 (  0.000000  0.000000 -0.652239  0.273102 -0.000000  0.000000 ) 
     freq (    4) =      14.004410 [THz] =     467.136830 [cm-1]
 (  0.549384  0.136908  0.000000  0.000000 -0.021861  0.423031 ) 
 ( -0.578328  0.399044 -0.000000  0.000000 -0.079378  0.000000 ) 
     freq (    5) =      14.004410 [THz] =     467.136830 [cm-1]
 (  0.335774 -0.258242  0.000000 -0.000000 -0.424695 -0.374435 ) 
 ( -0.065335  0.045081  0.000000  0.000000  0.702637  0.000000 ) 
     freq (    6) =      14.710294 [THz] =     490.682594 [cm-1]
 ( -0.000000 -0.000000  0.688134  0.162702  0.000000 -0.000000 ) 
 (  0.000000 -0.000000 -0.601632  0.371536  0.000000  0.000000 ) 
 **************************************************************************
