Dynamical matrix file
phonons on a grid                                                          
  1    2   0  10.3346008   0.0000000   0.0000000   0.0000000   0.0000000   0.0000000
Basis vectors
     -0.500000000    0.000000000    0.500000000
      0.000000000    0.500000000    0.500000000
     -0.500000000    0.500000000    0.000000000
           1  'Si     '    25597.911567706618     
    1    1      0.0000000000      0.0000000000      0.0000000000
    2    1      0.2500000000     -0.2500000000     -0.2500000000

     Dynamical  Matrix in cartesian axes

     q = (    0.500000000   0.000000000   0.500000000 ) 

    1    1
  0.26166981   0.00000000    -0.00000000   0.00759559     0.01183987   0.00000000
  0.00000000  -0.00759559     0.27724646   0.00000000     0.00000000  -0.00759559
  0.01183987   0.00000000    -0.00000000   0.00759559     0.26166981   0.00000000
    1    2
 -0.12562134   0.00000000     0.00000000  -0.08314158     0.08262377   0.00000000
 -0.00000000  -0.08314158    -0.14172062   0.00000000     0.00000000  -0.08314158
  0.08262377   0.00000000     0.00000000  -0.08314158    -0.12562134   0.00000000
    2    1
 -0.12562134   0.00000000    -0.00000000   0.08314158     0.08262377   0.00000000
  0.00000000   0.08314158    -0.14172062   0.00000000     0.00000000   0.08314158
  0.08262377   0.00000000     0.00000000   0.08314158    -0.12562134   0.00000000
    2    2
  0.26166981   0.00000000    -0.00000000  -0.00759559     0.01183987   0.00000000
  0.00000000   0.00759559     0.27724646   0.00000000    -0.00000000   0.00759559
  0.01183987   0.00000000    -0.00000000  -0.00759559     0.26166981   0.00000000

     Dynamical  Matrix in cartesian axes

     q = (   -0.500000000   0.000000000   0.500000000 ) 

    1    1
  0.26166981   0.00000000     0.00000000   0.00759559    -0.01183987   0.00000000
  0.00000000  -0.00759559     0.27724646   0.00000000     0.00000000   0.00759559
 -0.01183987   0.00000000     0.00000000  -0.00759559     0.26166981   0.00000000
    1    2
 -0.00000000  -0.12562134     0.08314158   0.00000000     0.00000000  -0.08262377
  0.08314158   0.00000000    -0.00000000  -0.14172062    -0.08314158  -0.00000000
  0.00000000  -0.08262377    -0.08314158   0.00000000    -0.00000000  -0.12562134
    2    1
 -0.00000000   0.12562134     0.08314158   0.00000000     0.00000000   0.08262377
  0.08314158   0.00000000    -0.00000000   0.14172062    -0.08314158   0.00000000
  0.00000000   0.08262377    -0.08314158   0.00000000    -0.00000000   0.12562134
    2    2
  0.26166981   0.00000000     0.00000000  -0.00759559    -0.01183987   0.00000000
  0.00000000   0.00759559     0.27724646   0.00000000     0.00000000  -0.00759559
 -0.01183987   0.00000000     0.00000000   0.00759559     0.26166981   0.00000000

     Dynamical  Matrix in cartesian axes

     q = (   -0.500000000   0.000000000  -0.500000000 ) 

    1    1
  0.26166981   0.00000000     0.00000000  -0.00759559     0.01183987   0.00000000
  0.00000000   0.00759559     0.27724646   0.00000000    -0.00000000   0.00759559
  0.01183987   0.00000000     0.00000000  -0.00759559     0.26166981   0.00000000
    1    2
 -0.12562134   0.00000000     0.00000000   0.08314158     0.08262377   0.00000000
 -0.00000000   0.08314158    -0.14172062   0.00000000     0.00000000   0.08314158
  0.08262377   0.00000000     0.00000000   0.08314158    -0.12562134   0.00000000
    2    1
 -0.12562134   0.00000000    -0.00000000  -0.08314158     0.08262377   0.00000000
  0.00000000  -0.08314158    -0.14172062   0.00000000     0.00000000  -0.08314158
  0.08262377   0.00000000     0.00000000  -0.08314158    -0.12562134   0.00000000
    2    2
  0.26166981   0.00000000     0.00000000   0.00759559     0.01183987   0.00000000
  0.00000000  -0.00759559     0.27724646   0.00000000     0.00000000  -0.00759559
  0.01183987   0.00000000     0.00000000   0.00759559     0.26166981   0.00000000

     Dynamical  Matrix in cartesian axes

     q = (    0.500000000   0.000000000  -0.500000000 ) 

    1    1
  0.26166981   0.00000000     0.00000000  -0.00759559    -0.01183987   0.00000000
  0.00000000   0.00759559     0.27724646   0.00000000     0.00000000  -0.00759559
 -0.01183987   0.00000000     0.00000000   0.00759559     0.26166981   0.00000000
    1    2
 -0.00000000   0.12562134     0.08314158   0.00000000     0.00000000   0.08262377
  0.08314158   0.00000000    -0.00000000   0.14172062    -0.08314158   0.00000000
  0.00000000   0.08262377    -0.08314158   0.00000000    -0.00000000   0.12562134
    2    1
 -0.00000000  -0.12562134     0.08314158   0.00000000     0.00000000  -0.08262377
  0.08314158   0.00000000    -0.00000000  -0.14172062    -0.08314158  -0.00000000
  0.00000000  -0.08262377    -0.08314158   0.00000000    -0.00000000  -0.12562134
    2    2
  0.26166981   0.00000000     0.00000000   0.00759559    -0.01183987   0.00000000
  0.00000000  -0.00759559     0.27724646   0.00000000     0.00000000   0.00759559
 -0.01183987   0.00000000     0.00000000  -0.00759559     0.26166981   0.00000000

     Dynamical  Matrix in cartesian axes

     q = (    0.000000000   0.500000000  -0.500000000 ) 

    1    1
  0.27724646   0.00000000     0.00000000   0.00759559    -0.00000000  -0.00759559
  0.00000000  -0.00759559     0.26166981   0.00000000    -0.01183987   0.00000000
  0.00000000   0.00759559    -0.01183987   0.00000000     0.26166981   0.00000000
    1    2
 -0.14172062   0.00000000     0.00000000   0.08314158     0.00000000  -0.08314158
  0.00000000   0.08314158    -0.12562134   0.00000000    -0.08262377   0.00000000
  0.00000000  -0.08314158    -0.08262377   0.00000000    -0.12562134   0.00000000
    2    1
 -0.14172062   0.00000000     0.00000000  -0.08314158     0.00000000   0.08314158
 -0.00000000  -0.08314158    -0.12562134   0.00000000    -0.08262377   0.00000000
  0.00000000   0.08314158    -0.08262377   0.00000000    -0.12562134   0.00000000
    2    2
  0.27724646   0.00000000    -0.00000000  -0.00759559    -0.00000000   0.00759559
 -0.00000000   0.00759559     0.26166981   0.00000000    -0.01183987   0.00000000
  0.00000000  -0.00759559    -0.01183987   0.00000000     0.26166981   0.00000000

     Dynamical  Matrix in cartesian axes

     q = (   -0.500000000   0.500000000   0.000000000 ) 

    1    1
  0.26166981   0.00000000    -0.01183987   0.00000000    -0.00000000   0.00759559
 -0.01183987   0.00000000     0.26166981   0.00000000    -0.00000000  -0.00759559
 -0.00000000  -0.00759559    -0.00000000   0.00759559     0.27724646   0.00000000
    1    2
 -0.00000000  -0.12562134     0.00000000  -0.08262377     0.08314158  -0.00000000
  0.00000000  -0.08262377    -0.00000000  -0.12562134    -0.08314158  -0.00000000
  0.08314158   0.00000000    -0.08314158  -0.00000000     0.00000000  -0.14172062
    2    1
 -0.00000000   0.12562134     0.00000000   0.08262377     0.08314158   0.00000000
  0.00000000   0.08262377    -0.00000000   0.12562134    -0.08314158   0.00000000
  0.08314158  -0.00000000    -0.08314158   0.00000000     0.00000000   0.14172062
    2    2
  0.26166981   0.00000000    -0.01183987   0.00000000     0.00000000  -0.00759559
 -0.01183987   0.00000000     0.26166981   0.00000000     0.00000000   0.00759559
  0.00000000   0.00759559     0.00000000  -0.00759559     0.27724646   0.00000000

     Dynamical  Matrix in cartesian axes

     q = (    0.000000000   0.500000000   0.500000000 ) 

    1    1
  0.27724646   0.00000000     0.00000000  -0.00759559    -0.00000000  -0.00759559
  0.00000000   0.00759559     0.26166981   0.00000000     0.01183987   0.00000000
 -0.00000000   0.00759559     0.01183987   0.00000000     0.26166981   0.00000000
    1    2
 -0.00000000  -0.14172062     0.08314158   0.00000000     0.08314158   0.00000000
  0.08314158   0.00000000    -0.00000000  -0.12562134    -0.00000000   0.08262377
  0.08314158   0.00000000    -0.00000000   0.08262377    -0.00000000  -0.12562134
    2    1
 -0.00000000   0.14172062     0.08314158   0.00000000     0.08314158   0.00000000
  0.08314158  -0.00000000    -0.00000000   0.12562134    -0.00000000  -0.08262377
  0.08314158   0.00000000    -0.00000000  -0.08262377    -0.00000000   0.12562134
    2    2
  0.27724646   0.00000000     0.00000000   0.00759559     0.00000000   0.00759559
  0.00000000  -0.00759559     0.26166981   0.00000000     0.01183987   0.00000000
  0.00000000  -0.00759559     0.01183987   0.00000000     0.26166981   0.00000000

     Dynamical  Matrix in cartesian axes

     q = (    0.000000000  -0.500000000  -0.500000000 ) 

    1    1
  0.27724646   0.00000000     0.00000000   0.00759559     0.00000000   0.00759559
  0.00000000  -0.00759559     0.26166981   0.00000000     0.01183987   0.00000000
  0.00000000  -0.00759559     0.01183987   0.00000000     0.26166981   0.00000000
    1    2
 -0.00000000   0.14172062     0.08314158   0.00000000     0.08314158   0.00000000
  0.08314158  -0.00000000    -0.00000000   0.12562134    -0.00000000  -0.08262377
  0.08314158   0.00000000    -0.00000000  -0.08262377    -0.00000000   0.12562134
    2    1
 -0.00000000  -0.14172062     0.08314158   0.00000000     0.08314158   0.00000000
  0.08314158   0.00000000    -0.00000000  -0.12562134    -0.00000000   0.08262377
  0.08314158   0.00000000    -0.00000000   0.08262377    -0.00000000  -0.12562134
    2    2
  0.27724646   0.00000000     0.00000000  -0.00759559     0.00000000  -0.00759559
  0.00000000   0.00759559     0.26166981   0.00000000     0.01183987   0.00000000
  0.00000000   0.00759559     0.01183987   0.00000000     0.26166981   0.00000000

     Dynamical  Matrix in cartesian axes

     q = (    0.500000000   0.500000000   0.000000000 ) 

    1    1
  0.26166981   0.00000000     0.01183987   0.00000000     0.00000000   0.00759559
  0.01183987   0.00000000     0.26166981   0.00000000     0.00000000   0.00759559
  0.00000000  -0.00759559    -0.00000000  -0.00759559     0.27724646   0.00000000
    1    2
 -0.12562134   0.00000000     0.08262377   0.00000000     0.00000000  -0.08314158
  0.08262377   0.00000000    -0.12562134   0.00000000     0.00000000  -0.08314158
 -0.00000000  -0.08314158     0.00000000  -0.08314158    -0.14172062   0.00000000
    2    1
 -0.12562134   0.00000000     0.08262377   0.00000000    -0.00000000   0.08314158
  0.08262377   0.00000000    -0.12562134   0.00000000     0.00000000   0.08314158
  0.00000000   0.08314158     0.00000000   0.08314158    -0.14172062   0.00000000
    2    2
  0.26166981   0.00000000     0.01183987   0.00000000    -0.00000000  -0.00759559
  0.01183987   0.00000000     0.26166981   0.00000000    -0.00000000  -0.00759559
  0.00000000   0.00759559     0.00000000   0.00759559     0.27724646   0.00000000

     Dynamical  Matrix in cartesian axes

     q = (    0.500000000  -0.500000000   0.000000000 ) 

    1    1
  0.26166981   0.00000000    -0.01183987   0.00000000     0.00000000  -0.00759559
 -0.01183987   0.00000000     0.26166981   0.00000000     0.00000000   0.00759559
  0.00000000   0.00759559     0.00000000  -0.00759559     0.27724646   0.00000000
    1    2
 -0.00000000   0.12562134     0.00000000   0.08262377     0.08314158   0.00000000
  0.00000000   0.08262377    -0.00000000   0.12562134    -0.08314158   0.00000000
  0.08314158  -0.00000000    -0.08314158   0.00000000     0.00000000   0.14172062
    2    1
 -0.00000000  -0.12562134     0.00000000  -0.08262377     0.08314158  -0.00000000
  0.00000000  -0.08262377    -0.00000000  -0.12562134    -0.08314158  -0.00000000
  0.08314158   0.00000000    -0.08314158  -0.00000000     0.00000000  -0.14172062
    2    2
  0.26166981   0.00000000    -0.01183987   0.00000000     0.00000000   0.00759559
 -0.01183987   0.00000000     0.26166981   0.00000000     0.00000000  -0.00759559
  0.00000000  -0.00759559     0.00000000   0.00759559     0.27724646   0.00000000

     Dynamical  Matrix in cartesian axes

     q = (   -0.500000000  -0.500000000   0.000000000 ) 

    1    1
  0.26166981   0.00000000     0.01183987   0.00000000    -0.00000000  -0.00759559
  0.01183987   0.00000000     0.26166981   0.00000000    -0.00000000  -0.00759559
  0.00000000   0.00759559     0.00000000   0.00759559     0.27724646   0.00000000
    1    2
 -0.12562134   0.00000000     0.08262377   0.00000000    -0.00000000   0.08314158
  0.08262377   0.00000000    -0.12562134   0.00000000     0.00000000   0.08314158
 -0.00000000   0.08314158     0.00000000   0.08314158    -0.14172062   0.00000000
    2    1
 -0.12562134   0.00000000     0.08262377   0.00000000     0.00000000  -0.08314158
  0.08262377   0.00000000    -0.12562134   0.00000000     0.00000000  -0.08314158
  0.00000000  -0.08314158     0.00000000  -0.08314158    -0.14172062   0.00000000
    2    2
  0.26166981   0.00000000     0.01183987   0.00000000     0.00000000   0.00759559
  0.01183987   0.00000000     0.26166981   0.00000000    -0.00000000   0.00759559
  0.00000000  -0.00759559     0.00000000  -0.00759559     0.27724646   0.00000000

     Dynamical  Matrix in cartesian axes

     q = (    0.000000000  -0.500000000   0.500000000 ) 

    1    1
  0.27724646   0.00000000     0.00000000  -0.00759559     0.00000000   0.00759559
  0.00000000   0.00759559     0.26166981   0.00000000    -0.01183987   0.00000000
 -0.00000000  -0.00759559    -0.01183987   0.00000000     0.26166981   0.00000000
    1    2
 -0.14172062   0.00000000     0.00000000  -0.08314158     0.00000000   0.08314158
  0.00000000  -0.08314158    -0.12562134   0.00000000    -0.08262377   0.00000000
  0.00000000   0.08314158    -0.08262377   0.00000000    -0.12562134   0.00000000
    2    1
 -0.14172062   0.00000000    -0.00000000   0.08314158     0.00000000  -0.08314158
  0.00000000   0.08314158    -0.12562134   0.00000000    -0.08262377   0.00000000
 -0.00000000  -0.08314158    -0.08262377   0.00000000    -0.12562134   0.00000000
    2    2
  0.27724646   0.00000000     0.00000000   0.00759559     0.00000000  -0.00759559
  0.00000000  -0.00759559     0.26166981   0.00000000    -0.01183987   0.00000000
  0.00000000   0.00759559    -0.01183987   0.00000000     0.26166981   0.00000000

     Diagonalizing the dynamical matrix

     q = (    0.500000000   0.000000000   0.500000000 ) 

 **************************************************************************
     freq (    1) =       4.193148 [THz] =     139.868373 [cm-1]
 (  0.500000 -0.000000 -0.000000  0.000000 -0.500000 -0.000000 ) 
 (  0.500000  0.000000 -0.000000  0.000000 -0.500000  0.000000 ) 
     freq (    2) =       6.030274 [THz] =     201.148295 [cm-1]
 (  0.210264 -0.000000  0.000000 -0.641544  0.210264  0.000000 ) 
 ( -0.210264 -0.000000  0.000000 -0.641544 -0.210264  0.000000 ) 
     freq (    3) =       8.366062 [THz] =     279.061776 [cm-1]
 (  0.446076 -0.000000 -0.000000  0.319424  0.446076 -0.000000 ) 
 (  0.446076 -0.000000 -0.000000 -0.319424  0.446076  0.000000 ) 
     freq (    4) =      12.440258 [THz] =     414.962357 [cm-1]
 (  0.453640 -0.000000  0.000000  0.297358  0.453640 -0.000000 ) 
 ( -0.453640  0.000000  0.000000  0.297358 -0.453640  0.000000 ) 
     freq (    5) =      13.916855 [THz] =     464.216302 [cm-1]
 ( -0.500000  0.000000 -0.000000 -0.000000  0.500000 -0.000000 ) 
 (  0.500000 -0.000000  0.000000  0.000000 -0.500000  0.000000 ) 
     freq (    6) =      14.304387 [THz] =     477.142996 [cm-1]
 (  0.225867 -0.000000 -0.000000 -0.630847  0.225867 -0.000000 ) 
 (  0.225867 -0.000000  0.000000  0.630847  0.225867  0.000000 ) 
 **************************************************************************
