Dynamical matrix file
phonons on a grid                                                          
  1    2   0  10.3346008   0.0000000   0.0000000   0.0000000   0.0000000   0.0000000
Basis vectors
     -0.500000000    0.000000000    0.500000000
      0.000000000    0.500000000    0.500000000
     -0.500000000    0.500000000    0.000000000
           1  'Si     '    25597.911567706618     
    1    1      0.0000000000      0.0000000000      0.0000000000
    2    1      0.2500000000     -0.2500000000     -0.2500000000

     Dynamical  Matrix in cartesian axes

     q = (    0.000000000  -1.000000000   0.000000000 ) 

    1    1
  0.23247938   0.00000000    -0.00000000   0.00000000     0.00000000   0.00000000
 -0.00000000   0.00000000     0.33946670   0.00000000     0.00000000   0.00000000
 -0.00000000   0.00000000     0.00000000   0.00000000     0.23247938   0.00000000
    1    2
  0.00000000  -0.00000000    -0.00000000   0.00000000     0.18780462   0.00000000
  0.00000000   0.00000000    -0.00000000   0.00000000     0.00000000  -0.00000000
  0.18780462   0.00000000     0.00000000  -0.00000000     0.00000000   0.00000000
    2    1
  0.00000000  -0.00000000     0.00000000   0.00000000     0.18780462  -0.00000000
  0.00000000  -0.00000000     0.00000000  -0.00000000     0.00000000  -0.00000000
  0.18780462  -0.00000000    -0.00000000  -0.00000000     0.00000000   0.00000000
    2    2
  0.23247938   0.00000000     0.00000000   0.00000000     0.00000000   0.00000000
  0.00000000   0.00000000     0.33946670   0.00000000     0.00000000   0.00000000
 -0.00000000   0.00000000     0.00000000   0.00000000     0.23247938   0.00000000

     Dynamical  Matrix in cartesian axes

     q = (   -1.000000000   0.000000000   0.000000000 ) 

    1    1
  0.33946670   0.00000000     0.00000000   0.00000000    -0.00000000   0.00000000
 -0.00000000   0.00000000     0.23247938   0.00000000     0.00000000   0.00000000
 -0.00000000   0.00000000     0.00000000   0.00000000     0.23247938   0.00000000
    1    2
  0.00000000  -0.00000000     0.00000000  -0.00000000     0.00000000   0.00000000
  0.00000000   0.00000000     0.00000000  -0.00000000    -0.18780462   0.00000000
  0.00000000   0.00000000    -0.18780462   0.00000000     0.00000000   0.00000000
    2    1
 -0.00000000   0.00000000     0.00000000   0.00000000     0.00000000   0.00000000
 -0.00000000   0.00000000     0.00000000   0.00000000    -0.18780462  -0.00000000
  0.00000000   0.00000000    -0.18780462  -0.00000000     0.00000000   0.00000000
    2    2
  0.33946670   0.00000000    -0.00000000   0.00000000    -0.00000000   0.00000000
 -0.00000000   0.00000000     0.23247938   0.00000000    -0.00000000   0.00000000
 -0.00000000   0.00000000    -0.00000000   0.00000000     0.23247938   0.00000000

     Dynamical  Matrix in cartesian axes

     q = (    0.000000000   0.000000000  -1.000000000 ) 

    1    1
  0.23247938   0.00000000     0.00000000   0.00000000    -0.00000000   0.00000000
  0.00000000   0.00000000     0.23247938   0.00000000     0.00000000   0.00000000
  0.00000000   0.00000000     0.00000000   0.00000000     0.33946670   0.00000000
    1    2
  0.00000000   0.00000000     0.18780462   0.00000000     0.00000000  -0.00000000
  0.18780462   0.00000000     0.00000000   0.00000000     0.00000000   0.00000000
  0.00000000  -0.00000000    -0.00000000   0.00000000     0.00000000  -0.00000000
    2    1
  0.00000000  -0.00000000     0.18780462  -0.00000000     0.00000000  -0.00000000
  0.18780462  -0.00000000     0.00000000  -0.00000000     0.00000000   0.00000000
  0.00000000  -0.00000000     0.00000000   0.00000000    -0.00000000  -0.00000000
    2    2
  0.23247938   0.00000000     0.00000000   0.00000000    -0.00000000   0.00000000
 -0.00000000   0.00000000     0.23247938   0.00000000     0.00000000   0.00000000
 -0.00000000   0.00000000     0.00000000   0.00000000     0.33946670   0.00000000

     Diagonalizing the dynamical matrix

     q = (    0.000000000  -1.000000000   0.000000000 ) 

 **************************************************************************
     freq (    1) =       4.346142 [THz] =     144.971692 [cm-1]
 ( -0.706824  0.000000 -0.000000  0.000000 -0.019997  0.000000 ) 
 (  0.019997  0.000000 -0.000000  0.000000  0.706824  0.000000 ) 
     freq (    2) =       4.346142 [THz] =     144.971692 [cm-1]
 ( -0.019997  0.000000  0.000000  0.000000  0.706824 -0.000000 ) 
 ( -0.706824  0.000000  0.000000  0.000000  0.019997  0.000000 ) 
     freq (    3) =      11.980401 [THz] =     399.623164 [cm-1]
 (  0.000000  0.000000 -0.000000  0.000000  0.000000  0.000000 ) 
 (  0.000000  0.000000 -1.000000  0.000000  0.000000  0.000000 ) 
     freq (    4) =      11.980401 [THz] =     399.623164 [cm-1]
 (  0.000000  0.000000 -1.000000  0.000000  0.000000  0.000000 ) 
 (  0.000000  0.000000  0.000000  0.000000  0.000000  0.000000 ) 
     freq (    5) =      13.330431 [THz] =     444.655321 [cm-1]
 (  0.707107  0.000000  0.000000 -0.000000 -0.000000  0.000000 ) 
 ( -0.000000  0.000000  0.000000 -0.000000  0.707107 -0.000000 ) 
     freq (    6) =      13.330431 [THz] =     444.655321 [cm-1]
 (  0.000000  0.000000 -0.000000  0.000000  0.707107  0.000000 ) 
 (  0.707107  0.000000  0.000000  0.000000  0.000000  0.000000 ) 
 **************************************************************************
