Dynamical matrix file
phonons on a grid                                                          
  1    2   0  10.3346008   0.0000000   0.0000000   0.0000000   0.0000000   0.0000000
Basis vectors
     -0.500000000    0.000000000    0.500000000
      0.000000000    0.500000000    0.500000000
     -0.500000000    0.500000000    0.000000000
           1  'Si     '    25597.911567706618     
    1    1      0.0000000000      0.0000000000      0.0000000000
    2    1      0.2500000000     -0.2500000000     -0.2500000000

     Dynamical  Matrix in cartesian axes

     q = (   -0.500000000  -1.000000000   0.000000000 ) 

    1    1
  0.23559181   0.00000000    -0.00000000   0.00000000    -0.00000000  -0.00000000
 -0.00000000   0.00000000     0.27281666   0.00000000    -0.00000000  -0.01714809
 -0.00000000   0.00000000    -0.00000000   0.01714809     0.27281666  -0.00000000
    1    2
  0.00000000   0.00000000     0.08264763  -0.08264763     0.08264763   0.08264763
  0.08264763  -0.08264763     0.00000000   0.00000000     0.00000000   0.00000000
  0.08264763   0.08264763     0.00000000   0.00000000     0.00000000   0.00000000
    2    1
  0.00000000   0.00000000     0.08264763   0.08264763     0.08264763  -0.08264763
  0.08264763   0.08264763     0.00000000   0.00000000     0.00000000  -0.00000000
  0.08264763  -0.08264763     0.00000000  -0.00000000     0.00000000   0.00000000
    2    2
  0.23559181  -0.00000000     0.00000000   0.00000000    -0.00000000  -0.00000000
  0.00000000   0.00000000     0.27281666  -0.00000000     0.00000000   0.01714809
 -0.00000000  -0.00000000     0.00000000  -0.01714809     0.27281666  -0.00000000

     Dynamical  Matrix in cartesian axes

     q = (    0.000000000   1.000000000   0.500000000 ) 

    1    1
  0.27281666  -0.00000000    -0.00000000  -0.01714809     0.00000000  -0.00000000
  0.00000000   0.01714809     0.27281666  -0.00000000     0.00000000   0.00000000
  0.00000000  -0.00000000    -0.00000000   0.00000000     0.23559181  -0.00000000
    1    2
  0.00000000  -0.00000000     0.00000000  -0.00000000     0.08264763   0.08264763
 -0.00000000  -0.00000000     0.00000000  -0.00000000    -0.08264763   0.08264763
  0.08264763   0.08264763    -0.08264763   0.08264763     0.00000000   0.00000000
    2    1
  0.00000000   0.00000000    -0.00000000  -0.00000000     0.08264763  -0.08264763
  0.00000000   0.00000000    -0.00000000  -0.00000000    -0.08264763  -0.08264763
  0.08264763  -0.08264763    -0.08264763  -0.08264763    -0.00000000   0.00000000
    2    2
  0.27281666  -0.00000000     0.00000000   0.01714809    -0.00000000  -0.00000000
 -0.00000000  -0.01714809     0.27281666  -0.00000000    -0.00000000   0.00000000
  0.00000000  -0.00000000    -0.00000000  -0.00000000     0.23559181  -0.00000000

     Dynamical  Matrix in cartesian axes

     q = (    0.000000000  -1.000000000  -0.500000000 ) 

    1    1
  0.27281666  -0.00000000    -0.00000000   0.01714809    -0.00000000  -0.00000000
 -0.00000000  -0.01714809     0.27281666  -0.00000000    -0.00000000   0.00000000
 -0.00000000  -0.00000000    -0.00000000  -0.00000000     0.23559181  -0.00000000
    1    2
  0.00000000   0.00000000    -0.00000000  -0.00000000     0.08264763  -0.08264763
  0.00000000   0.00000000    -0.00000000  -0.00000000    -0.08264763  -0.08264763
  0.08264763  -0.08264763    -0.08264763  -0.08264763    -0.00000000   0.00000000
    2    1
  0.00000000  -0.00000000     0.00000000  -0.00000000     0.08264763   0.08264763
  0.00000000  -0.00000000     0.00000000  -0.00000000    -0.08264763   0.08264763
  0.08264763   0.08264763    -0.08264763   0.08264763     0.00000000   0.00000000
    2    2
  0.27281666   0.00000000    -0.00000000  -0.01714809     0.00000000   0.00000000
 -0.00000000   0.01714809     0.27281666   0.00000000    -0.00000000  -0.00000000
  0.00000000   0.00000000    -0.00000000  -0.00000000     0.23559181   0.00000000

     Dynamical  Matrix in cartesian axes

     q = (    0.500000000   1.000000000   0.000000000 ) 

    1    1
  0.23559181  -0.00000000     0.00000000   0.00000000    -0.00000000  -0.00000000
  0.00000000   0.00000000     0.27281666  -0.00000000     0.00000000   0.01714809
 -0.00000000  -0.00000000     0.00000000  -0.01714809     0.27281666  -0.00000000
    1    2
  0.00000000   0.00000000     0.08264763   0.08264763     0.08264763  -0.08264763
  0.08264763   0.08264763     0.00000000   0.00000000     0.00000000  -0.00000000
  0.08264763  -0.08264763     0.00000000  -0.00000000     0.00000000   0.00000000
    2    1
  0.00000000   0.00000000     0.08264763  -0.08264763     0.08264763   0.08264763
  0.08264763  -0.08264763     0.00000000   0.00000000     0.00000000   0.00000000
  0.08264763   0.08264763     0.00000000   0.00000000     0.00000000   0.00000000
    2    2
  0.23559181   0.00000000     0.00000000   0.00000000    -0.00000000  -0.00000000
  0.00000000   0.00000000     0.27281666   0.00000000    -0.00000000  -0.01714809
  0.00000000   0.00000000     0.00000000   0.01714809     0.27281666  -0.00000000

     Dynamical  Matrix in cartesian axes

     q = (   -1.000000000  -0.500000000   0.000000000 ) 

    1    1
  0.27281666  -0.00000000     0.00000000   0.00000000    -0.00000000  -0.01714809
  0.00000000   0.00000000     0.23559181  -0.00000000     0.00000000  -0.00000000
 -0.00000000   0.01714809     0.00000000   0.00000000     0.27281666  -0.00000000
    1    2
 -0.00000000   0.00000000     0.08264763   0.08264763     0.00000000   0.00000000
  0.08264763   0.08264763     0.00000000   0.00000000    -0.08264763   0.08264763
 -0.00000000   0.00000000    -0.08264763   0.08264763     0.00000000   0.00000000
    2    1
  0.00000000   0.00000000     0.08264763  -0.08264763     0.00000000   0.00000000
  0.08264763  -0.08264763    -0.00000000   0.00000000    -0.08264763  -0.08264763
  0.00000000   0.00000000    -0.08264763  -0.08264763     0.00000000   0.00000000
    2    2
  0.27281666  -0.00000000     0.00000000   0.00000000    -0.00000000   0.01714809
  0.00000000   0.00000000     0.23559181  -0.00000000    -0.00000000   0.00000000
 -0.00000000  -0.01714809     0.00000000   0.00000000     0.27281666  -0.00000000

     Dynamical  Matrix in cartesian axes

     q = (    0.000000000  -0.500000000  -1.000000000 ) 

    1    1
  0.27281666  -0.00000000     0.00000000   0.00000000    -0.00000000   0.01714809
  0.00000000   0.00000000     0.23559181  -0.00000000    -0.00000000   0.00000000
 -0.00000000  -0.01714809     0.00000000   0.00000000     0.27281666  -0.00000000
    1    2
  0.00000000   0.00000000     0.08264763  -0.08264763     0.00000000   0.00000000
  0.08264763  -0.08264763    -0.00000000   0.00000000    -0.08264763  -0.08264763
  0.00000000   0.00000000    -0.08264763  -0.08264763     0.00000000   0.00000000
    2    1
  0.00000000  -0.00000000     0.08264763   0.08264763     0.00000000  -0.00000000
  0.08264763   0.08264763    -0.00000000   0.00000000    -0.08264763   0.08264763
  0.00000000  -0.00000000    -0.08264763   0.08264763     0.00000000  -0.00000000
    2    2
  0.27281666  -0.00000000     0.00000000   0.00000000    -0.00000000  -0.01714809
  0.00000000   0.00000000     0.23559181   0.00000000    -0.00000000  -0.00000000
 -0.00000000   0.01714809    -0.00000000  -0.00000000     0.27281666   0.00000000

     Diagonalizing the dynamical matrix

     q = (   -0.500000000  -1.000000000   0.000000000 ) 

 **************************************************************************
     freq (    1) =       6.346483 [THz] =     211.695898 [cm-1]
 (  0.488907  0.488907 -0.084812  0.173077 -0.173077 -0.084812 ) 
 (  0.303769 -0.103969  0.000000 -0.415064 -0.415064  0.000000 ) 
     freq (    2) =       6.346483 [THz] =     211.695898 [cm-1]
 (  0.227030  0.227030  0.182641 -0.372720  0.372720  0.182641 ) 
 ( -0.654165  0.223896  0.000000 -0.192740 -0.192740  0.000000 ) 
     freq (    3) =      10.397081 [THz] =     346.809298 [cm-1]
 (  0.000000 -0.000000  0.165625  0.685766  0.685766 -0.165625 ) 
 ( -0.000000 -0.000000 -0.000000  0.047896 -0.047896  0.000000 ) 
     freq (    4) =      10.397081 [THz] =     346.809298 [cm-1]
 (  0.000000  0.000000 -0.011244 -0.046557 -0.046557  0.011244 ) 
 (  0.000000  0.000000 -0.000000  0.705483 -0.705483  0.000000 ) 
     freq (    5) =      13.488249 [THz] =     449.919561 [cm-1]
 ( -0.000000 -0.000000  0.166057 -0.512833  0.512833  0.166057 ) 
 (  0.576353 -0.294401  0.000000 -0.000000 -0.000000  0.000000 ) 
     freq (    6) =      13.488249 [THz] =     449.919561 [cm-1]
 (  0.457632  0.457632 -0.000000 -0.000000  0.000000  0.000000 ) 
 (  0.000000 -0.000000 -0.000000  0.539048  0.539048  0.000000 ) 
 **************************************************************************
