Dynamical matrix file
phonons on a grid                                                          
  2    3   0   1.0000000   0.0000000   0.0000000   0.0000000   0.0000000   0.0000000
Basis vectors
      6.018846169   -0.000000000    0.000000000
     -3.009423085    5.212473684    0.000000000
      0.000000000    0.000000000   20.000000000
           1  'S      '    29230.016876494614     
           2  'Mo     '    87453.075126275595     
    1    2     -0.0000000006      3.4749824562      0.0000000000
    2    1      3.0094230846      1.7374912278      2.9548775440
    3    1      3.0094230846      1.7374912278     -2.9548775440

     Dynamical  Matrix in cartesian axes

     q = (    0.000000000   0.000000000   0.000000000 ) 

    1    1
  0.40097624   0.00000000     0.00000000   0.00000000     0.00000000   0.00000000
  0.00000000   0.00000000     0.40097624   0.00000000     0.00000000   0.00000000
  0.00000000   0.00000000     0.00000000   0.00000000     0.61512699   0.00000000
    1    2
 -0.20064393   0.00000000    -0.00000000   0.00000000    -0.00000000   0.00000000
 -0.00000000   0.00000000    -0.20064393   0.00000000    -0.00000000   0.00000000
  0.00000000   0.00000000     0.00000000   0.00000000    -0.30768839   0.00000000
    1    3
 -0.20064393   0.00000000    -0.00000000   0.00000000     0.00000000   0.00000000
 -0.00000000   0.00000000    -0.20064393   0.00000000    -0.00000000   0.00000000
  0.00000000   0.00000000     0.00000000   0.00000000    -0.30768839   0.00000000
    2    1
 -0.20064393   0.00000000    -0.00000000   0.00000000     0.00000000   0.00000000
 -0.00000000   0.00000000    -0.20064393   0.00000000     0.00000000   0.00000000
  0.00000000   0.00000000     0.00000000   0.00000000    -0.30768839   0.00000000
    2    2
  0.19267890   0.00000000     0.00000000   0.00000000     0.00000000   0.00000000
  0.00000000   0.00000000     0.19267890   0.00000000     0.00000000   0.00000000
  0.00000000   0.00000000     0.00000000   0.00000000     0.42355753   0.00000000
    2    3
  0.00798705   0.00000000     0.00000000   0.00000000     0.00000000   0.00000000
  0.00000000   0.00000000     0.00798705   0.00000000    -0.00000000   0.00000000
  0.00000000   0.00000000     0.00000000   0.00000000    -0.11597538   0.00000000
    3    1
 -0.20064393   0.00000000    -0.00000000   0.00000000     0.00000000   0.00000000
 -0.00000000   0.00000000    -0.20064393   0.00000000     0.00000000   0.00000000
  0.00000000   0.00000000     0.00000000   0.00000000    -0.30768839   0.00000000
    3    2
  0.00798705   0.00000000     0.00000000   0.00000000     0.00000000   0.00000000
  0.00000000   0.00000000     0.00798705   0.00000000     0.00000000   0.00000000
  0.00000000   0.00000000     0.00000000   0.00000000    -0.11597538   0.00000000
    3    3
  0.19267890   0.00000000     0.00000000   0.00000000     0.00000000   0.00000000
  0.00000000   0.00000000     0.19267890   0.00000000     0.00000000   0.00000000
  0.00000000   0.00000000     0.00000000   0.00000000     0.42355753   0.00000000

     Dielectric Tensor:

          9.536405077829          0.000000000819         -0.000000000000
          0.000000000819          9.536405077254         -0.000000000000
          0.000000000000          0.000000000000          1.454311736480

     Effective Charges E-U: Z_{alpha}{s,beta}

     atom #    1
         -0.900348637019         -0.000000001429          0.000000000000
         -0.000000001429         -0.900348636016          0.000000000000
          0.000000000000          0.000000000000         -0.065916028311
     atom #    2
          0.438480940418         -0.000000000533          0.000000000000
         -0.000000000533          0.438480940792          0.000000000000
          0.000000000000          0.000000000000          0.031167975867
     atom #    3
          0.438480940418         -0.000000000533          0.000000000000
         -0.000000000533          0.438480940792         -0.000000000000
          0.000000000000         -0.000000000000          0.031167975867

     Effective Charges U-E: Z_{s,alpha}{beta}

     atom #    1
     -0.900923909567E+00     -0.142935085989E-08     -0.586375502513E-24
     -0.142935085989E-08     -0.900923908564E+00      0.338544054154E-24
      0.000000000000E+00     -0.677088108421E-24     -0.659923291998E-01
     atom #    2
      0.438580573602E+00     -0.533473265563E-09      0.000000000000E+00
     -0.533473265563E-09      0.438580573976E+00      0.709978340375E-17
      0.491887423138E-17      0.851974008498E-17      0.310775090740E-01
     atom #    3
      0.438580573602E+00     -0.533473265563E-09      0.000000000000E+00
     -0.533472377384E-09      0.438580573976E+00     -0.283991336150E-17
     -0.491887423138E-17     -0.851974008498E-17      0.310775090740E-01

     Diagonalizing the dynamical matrix

     q = (    0.000000000   0.000000000   0.000000000 ) 

 **************************************************************************
     freq (    1) =      -0.185173 [THz] =      -6.176708 [cm-1]
 ( -0.000000  0.000000 -0.000000  0.000000 -0.577333  0.000000 ) 
 ( -0.000000  0.000000 -0.000000  0.000000 -0.577359  0.000000 ) 
 ( -0.000000  0.000000 -0.000000  0.000000 -0.577359  0.000000 ) 
     freq (    2) =      -0.140894 [THz] =      -4.699730 [cm-1]
 ( -0.473597  0.000000 -0.330464  0.000000  0.000000  0.000000 ) 
 ( -0.473419  0.000000 -0.330339  0.000000  0.000000  0.000000 ) 
 ( -0.473419  0.000000 -0.330339  0.000000  0.000000  0.000000 ) 
     freq (    3) =      -0.140894 [THz] =      -4.699730 [cm-1]
 ( -0.330464  0.000000  0.473597 -0.000000 -0.000000  0.000000 ) 
 ( -0.330339  0.000000  0.473419 -0.000000 -0.000000  0.000000 ) 
 ( -0.330339  0.000000  0.473419 -0.000000 -0.000000  0.000000 ) 
     freq (    4) =       8.269597 [THz] =     275.844080 [cm-1]
 (  0.000000  0.000000  0.000000  0.000000  0.000000  0.000000 ) 
 ( -0.408979  0.000000  0.576833  0.000000  0.000000  0.000000 ) 
 (  0.408979  0.000000 -0.576833  0.000000  0.000000  0.000000 ) 
     freq (    5) =       8.269597 [THz] =     275.844080 [cm-1]
 ( -0.000000  0.000000 -0.000000  0.000000 -0.000000  0.000000 ) 
 ( -0.576833  0.000000 -0.408979  0.000000 -0.000000  0.000000 ) 
 (  0.576833  0.000000  0.408979  0.000000 -0.000000  0.000000 ) 
     freq (    6) =      11.133062 [THz] =     371.358978 [cm-1]
 (  0.247094  0.000000 -0.348507  0.000000 -0.000000  0.000000 ) 
 ( -0.369778  0.000000  0.521544  0.000000  0.000000  0.000000 ) 
 ( -0.369778  0.000000  0.521544  0.000000 -0.000000  0.000000 ) 
     freq (    7) =      11.133062 [THz] =     371.358978 [cm-1]
 (  0.348507  0.000000  0.247094  0.000000 -0.000000  0.000000 ) 
 ( -0.521544  0.000000 -0.369778  0.000000  0.000000  0.000000 ) 
 ( -0.521544  0.000000 -0.369778  0.000000  0.000000  0.000000 ) 
     freq (    8) =      13.785883 [THz] =     459.847551 [cm-1]
 ( -0.000000  0.000000 -0.000000  0.000000 -0.427362  0.000000 ) 
 (  0.000000  0.000000  0.000000  0.000000  0.639282  0.000000 ) 
 (  0.000000  0.000000  0.000000  0.000000  0.639282  0.000000 ) 
     freq (    9) =      14.134143 [THz] =     471.464253 [cm-1]
 (  0.000000  0.000000  0.000000  0.000000 -0.000000  0.000000 ) 
 ( -0.000000  0.000000 -0.000000  0.000000 -0.707107  0.000000 ) 
 ( -0.000000  0.000000  0.000000  0.000000  0.707107  0.000000 ) 
 **************************************************************************
