Dynamical matrix file
phonons on a grid                                                          
  2    3   0   1.0000000   0.0000000   0.0000000   0.0000000   0.0000000   0.0000000
Basis vectors
      6.018846169   -0.000000000    0.000000000
     -3.009423085    5.212473684    0.000000000
      0.000000000    0.000000000   20.000000000
           1  'S      '    29230.016876494614     
           2  'Mo     '    87453.075126275595     
    1    2     -0.0000000006      3.4749824562      0.0000000000
    2    1      3.0094230846      1.7374912278      2.9548775440
    3    1      3.0094230846      1.7374912278     -2.9548775440

     Dynamical  Matrix in cartesian axes

     q = (    0.000000000   0.063949164   0.000000000 ) 

    1    1
  0.47755824   0.00000000     0.00000000   0.00000000     0.00000000   0.00000000
  0.00000000   0.00000000     0.53623844   0.00000000     0.00000000   0.00000000
  0.00000000   0.00000000     0.00000000   0.00000000     0.54619076   0.00000000
    1    2
 -0.15815188  -0.03686979    -0.00000000  -0.00000000     0.00000000   0.00000000
 -0.00000000  -0.00000000    -0.05142856  -0.07104659     0.10203207  -0.06086747
  0.00000000   0.00000000     0.10801893  -0.06861710    -0.13202953  -0.07718564
    1    3
 -0.15815188  -0.03686979    -0.00000000  -0.00000000     0.00000000   0.00000000
 -0.00000000  -0.00000000    -0.05142856  -0.07104659    -0.10203207   0.06086747
  0.00000000   0.00000000    -0.10801893   0.06861710    -0.13202953  -0.07718564
    2    1
 -0.15815188   0.03686979    -0.00000000   0.00000000     0.00000000   0.00000000
 -0.00000000   0.00000000    -0.05142856   0.07104659     0.10801893   0.06861710
  0.00000000   0.00000000     0.10203207   0.06086747    -0.13202953   0.07718564
    2    2
  0.20075173   0.00000000     0.00000000   0.00000000     0.00000000   0.00000000
  0.00000000   0.00000000     0.24985537   0.00000000    -0.00187766   0.00489224
  0.00000000   0.00000000    -0.00187766  -0.00489224     0.37779049   0.00000000
    2    3
 -0.00497700   0.00000000    -0.00000000   0.00000000     0.00000000   0.00000000
 -0.00000000   0.00000000     0.01759265   0.00000000     0.00831214   0.01000557
  0.00000000   0.00000000    -0.00831214   0.01000557    -0.03867915   0.00000000
    3    1
 -0.15815188   0.03686979    -0.00000000   0.00000000     0.00000000   0.00000000
 -0.00000000   0.00000000    -0.05142856   0.07104659    -0.10801893  -0.06861710
  0.00000000   0.00000000    -0.10203207  -0.06086747    -0.13202953   0.07718564
    3    2
 -0.00497700   0.00000000    -0.00000000   0.00000000     0.00000000   0.00000000
 -0.00000000   0.00000000     0.01759265   0.00000000    -0.00831214  -0.01000557
  0.00000000   0.00000000     0.00831214  -0.01000557    -0.03867915   0.00000000
    3    3
  0.20075173   0.00000000     0.00000000   0.00000000     0.00000000   0.00000000
  0.00000000   0.00000000     0.24985537   0.00000000     0.00187766  -0.00489224
  0.00000000   0.00000000     0.00187766   0.00489224     0.37779049   0.00000000

     Dynamical  Matrix in cartesian axes

     q = (   -0.000000000  -0.063949164  -0.000000000 ) 

    1    1
  0.47755824  -0.00000000     0.00000000  -0.00000000     0.00000000  -0.00000000
  0.00000000  -0.00000000     0.53623844  -0.00000000     0.00000000  -0.00000000
  0.00000000  -0.00000000     0.00000000  -0.00000000     0.54619076  -0.00000000
    1    2
 -0.15815188   0.03686979    -0.00000000   0.00000000     0.00000000  -0.00000000
 -0.00000000   0.00000000    -0.05142856   0.07104659     0.10203207   0.06086747
  0.00000000  -0.00000000     0.10801893   0.06861710    -0.13202953   0.07718564
    1    3
 -0.15815188   0.03686979    -0.00000000   0.00000000     0.00000000  -0.00000000
 -0.00000000   0.00000000    -0.05142856   0.07104659    -0.10203207  -0.06086747
  0.00000000  -0.00000000    -0.10801893  -0.06861710    -0.13202953   0.07718564
    2    1
 -0.15815188  -0.03686979    -0.00000000  -0.00000000     0.00000000  -0.00000000
 -0.00000000  -0.00000000    -0.05142856  -0.07104659     0.10801893  -0.06861710
  0.00000000  -0.00000000     0.10203207  -0.06086747    -0.13202953  -0.07718564
    2    2
  0.20075173  -0.00000000     0.00000000  -0.00000000     0.00000000  -0.00000000
  0.00000000  -0.00000000     0.24985537  -0.00000000    -0.00187766  -0.00489224
  0.00000000  -0.00000000    -0.00187766   0.00489224     0.37779049  -0.00000000
    2    3
 -0.00497700  -0.00000000    -0.00000000  -0.00000000     0.00000000  -0.00000000
 -0.00000000  -0.00000000     0.01759265  -0.00000000     0.00831214  -0.01000557
  0.00000000  -0.00000000    -0.00831214  -0.01000557    -0.03867915  -0.00000000
    3    1
 -0.15815188  -0.03686979    -0.00000000  -0.00000000     0.00000000  -0.00000000
 -0.00000000  -0.00000000    -0.05142856  -0.07104659    -0.10801893   0.06861710
  0.00000000  -0.00000000    -0.10203207   0.06086747    -0.13202953  -0.07718564
    3    2
 -0.00497700  -0.00000000    -0.00000000  -0.00000000     0.00000000  -0.00000000
 -0.00000000  -0.00000000     0.01759265  -0.00000000    -0.00831214   0.01000557
  0.00000000  -0.00000000     0.00831214   0.01000557    -0.03867915  -0.00000000
    3    3
  0.20075173  -0.00000000     0.00000000  -0.00000000     0.00000000  -0.00000000
  0.00000000  -0.00000000     0.24985537  -0.00000000     0.00187766   0.00489224
  0.00000000  -0.00000000     0.00187766  -0.00489224     0.37779049  -0.00000000

     Dynamical  Matrix in cartesian axes

     q = (    0.055381600  -0.031974582   0.000000000 ) 

    1    1
  0.52156839   0.00000000    -0.02540927   0.00000000     0.00000000   0.00000000
 -0.02540927   0.00000000     0.49222829   0.00000000     0.00000000   0.00000000
  0.00000000   0.00000000     0.00000000   0.00000000     0.54619076   0.00000000
    1    2
 -0.01507396   0.09889591     0.03592258   0.03262175    -0.08983179  -0.05016767
  0.03592258   0.03262175     0.02640586   0.13656426     0.05186441   0.02896432
 -0.09823640  -0.05130212     0.05671681   0.02961929    -0.00082996   0.15293375
    1    3
 -0.01507396   0.09889591     0.03592258   0.03262175     0.08983179   0.05016767
  0.03592258   0.03262175     0.02640586   0.13656426    -0.05186441  -0.02896432
  0.09823640   0.05130212    -0.05671681  -0.02961929    -0.00082996   0.15293375
    2    1
 -0.01507396  -0.09889591     0.03592258  -0.03262175    -0.09823640   0.05130212
  0.03592258  -0.03262175     0.02640586  -0.13656426     0.05671681  -0.02961929
 -0.08983179   0.05016767     0.05186441  -0.02896432    -0.00082996  -0.15293375
    2    2
  0.23757946   0.00000000    -0.02126250   0.00000000    -0.00162610   0.00423680
 -0.02126250   0.00000000     0.21302764   0.00000000     0.00093883  -0.00244612
 -0.00162610  -0.00423680     0.00093883   0.00244612     0.37779049   0.00000000
    2    3
  0.01195024   0.00000000    -0.00977294  -0.00000000     0.00719853   0.00866508
 -0.00977294  -0.00000000     0.00066542   0.00000000    -0.00415607  -0.00500279
 -0.00719853   0.00866508     0.00415607  -0.00500279    -0.03867915   0.00000000
    3    1
 -0.01507396  -0.09889591     0.03592258  -0.03262175     0.09823640  -0.05130212
  0.03592258  -0.03262175     0.02640586  -0.13656426    -0.05671681   0.02961929
  0.08983179  -0.05016767    -0.05186441   0.02896432    -0.00082996  -0.15293375
    3    2
  0.01195024   0.00000000    -0.00977294  -0.00000000    -0.00719853  -0.00866508
 -0.00977294  -0.00000000     0.00066542   0.00000000     0.00415607   0.00500279
  0.00719853  -0.00866508    -0.00415607   0.00500279    -0.03867915   0.00000000
    3    3
  0.23757946   0.00000000    -0.02126250   0.00000000     0.00162610  -0.00423680
 -0.02126250   0.00000000     0.21302764   0.00000000    -0.00093883   0.00244612
  0.00162610   0.00423680    -0.00093883  -0.00244612     0.37779049   0.00000000

     Dynamical  Matrix in cartesian axes

     q = (   -0.055381600   0.031974582  -0.000000000 ) 

    1    1
  0.52156839  -0.00000000    -0.02540927  -0.00000000     0.00000000  -0.00000000
 -0.02540927  -0.00000000     0.49222829  -0.00000000     0.00000000  -0.00000000
  0.00000000  -0.00000000     0.00000000  -0.00000000     0.54619076  -0.00000000
    1    2
 -0.01507396  -0.09889591     0.03592258  -0.03262175    -0.08983179   0.05016767
  0.03592258  -0.03262175     0.02640586  -0.13656426     0.05186441  -0.02896432
 -0.09823640   0.05130212     0.05671681  -0.02961929    -0.00082996  -0.15293375
    1    3
 -0.01507396  -0.09889591     0.03592258  -0.03262175     0.08983179  -0.05016767
  0.03592258  -0.03262175     0.02640586  -0.13656426    -0.05186441   0.02896432
  0.09823640  -0.05130212    -0.05671681   0.02961929    -0.00082996  -0.15293375
    2    1
 -0.01507396   0.09889591     0.03592258   0.03262175    -0.09823640  -0.05130212
  0.03592258   0.03262175     0.02640586   0.13656426     0.05671681   0.02961929
 -0.08983179  -0.05016767     0.05186441   0.02896432    -0.00082996   0.15293375
    2    2
  0.23757946  -0.00000000    -0.02126250  -0.00000000    -0.00162610  -0.00423680
 -0.02126250  -0.00000000     0.21302764  -0.00000000     0.00093883   0.00244612
 -0.00162610   0.00423680     0.00093883  -0.00244612     0.37779049  -0.00000000
    2    3
  0.01195024  -0.00000000    -0.00977294   0.00000000     0.00719853  -0.00866508
 -0.00977294   0.00000000     0.00066542  -0.00000000    -0.00415607   0.00500279
 -0.00719853  -0.00866508     0.00415607   0.00500279    -0.03867915  -0.00000000
    3    1
 -0.01507396   0.09889591     0.03592258   0.03262175     0.09823640   0.05130212
  0.03592258   0.03262175     0.02640586   0.13656426    -0.05671681  -0.02961929
  0.08983179   0.05016767    -0.05186441  -0.02896432    -0.00082996   0.15293375
    3    2
  0.01195024  -0.00000000    -0.00977294   0.00000000    -0.00719853   0.00866508
 -0.00977294   0.00000000     0.00066542  -0.00000000     0.00415607  -0.00500279
  0.00719853   0.00866508    -0.00415607  -0.00500279    -0.03867915  -0.00000000
    3    3
  0.23757946  -0.00000000    -0.02126250  -0.00000000     0.00162610   0.00423680
 -0.02126250  -0.00000000     0.21302764  -0.00000000    -0.00093883  -0.00244612
  0.00162610  -0.00423680    -0.00093883   0.00244612     0.37779049  -0.00000000

     Dynamical  Matrix in cartesian axes

     q = (   -0.055381600  -0.031974582   0.000000000 ) 

    1    1
  0.52156839   0.00000000     0.02540927   0.00000000     0.00000000   0.00000000
  0.02540927   0.00000000     0.49222829   0.00000000     0.00000000   0.00000000
  0.00000000   0.00000000     0.00000000   0.00000000     0.54619076   0.00000000
    1    2
 -0.07810939  -0.06250239     0.04621255  -0.01479899    -0.08836237   0.05271278
  0.04621255  -0.01479899    -0.13147105  -0.04541399    -0.05101604   0.03043374
 -0.09354714   0.05942415    -0.05400947   0.03430855    -0.13202953  -0.07718564
    1    3
 -0.07810939  -0.06250239     0.04621255  -0.01479899     0.08836237  -0.05271278
  0.04621255  -0.01479899    -0.13147105  -0.04541399     0.05101604  -0.03043374
  0.09354714  -0.05942415     0.05400947  -0.03430855    -0.13202953  -0.07718564
    2    1
 -0.07810939   0.06250239     0.04621255   0.01479899    -0.09354714  -0.05942415
  0.04621255   0.01479899    -0.13147105   0.04541399    -0.05400947  -0.03430855
 -0.08836237  -0.05271278    -0.05101604  -0.03043374    -0.13202953   0.07718564
    2    2
  0.23757946   0.00000000     0.02126250   0.00000000     0.00162610  -0.00423680
  0.02126250   0.00000000     0.21302764   0.00000000     0.00093883  -0.00244612
  0.00162610   0.00423680     0.00093883   0.00244612     0.37779049   0.00000000
    2    3
  0.01195024   0.00000000     0.00977294   0.00000000    -0.00719853  -0.00866508
  0.00977294   0.00000000     0.00066542   0.00000000    -0.00415607  -0.00500279
  0.00719853  -0.00866508     0.00415607  -0.00500279    -0.03867915   0.00000000
    3    1
 -0.07810939   0.06250239     0.04621255   0.01479899     0.09354714   0.05942415
  0.04621255   0.01479899    -0.13147105   0.04541399     0.05400947   0.03430855
  0.08836237   0.05271278     0.05101604   0.03043374    -0.13202953   0.07718564
    3    2
  0.01195024   0.00000000     0.00977294   0.00000000     0.00719853   0.00866508
  0.00977294   0.00000000     0.00066542   0.00000000     0.00415607   0.00500279
 -0.00719853   0.00866508    -0.00415607   0.00500279    -0.03867915   0.00000000
    3    3
  0.23757946   0.00000000     0.02126250   0.00000000    -0.00162610   0.00423680
  0.02126250   0.00000000     0.21302764   0.00000000    -0.00093883   0.00244612
 -0.00162610  -0.00423680    -0.00093883  -0.00244612     0.37779049   0.00000000

     Dynamical  Matrix in cartesian axes

     q = (    0.055381600   0.031974582  -0.000000000 ) 

    1    1
  0.52156839  -0.00000000     0.02540927  -0.00000000     0.00000000  -0.00000000
  0.02540927  -0.00000000     0.49222829  -0.00000000     0.00000000  -0.00000000
  0.00000000  -0.00000000     0.00000000  -0.00000000     0.54619076  -0.00000000
    1    2
 -0.07810939   0.06250239     0.04621255   0.01479899    -0.08836237  -0.05271278
  0.04621255   0.01479899    -0.13147105   0.04541399    -0.05101604  -0.03043374
 -0.09354714  -0.05942415    -0.05400947  -0.03430855    -0.13202953   0.07718564
    1    3
 -0.07810939   0.06250239     0.04621255   0.01479899     0.08836237   0.05271278
  0.04621255   0.01479899    -0.13147105   0.04541399     0.05101604   0.03043374
  0.09354714   0.05942415     0.05400947   0.03430855    -0.13202953   0.07718564
    2    1
 -0.07810939  -0.06250239     0.04621255  -0.01479899    -0.09354714   0.05942415
  0.04621255  -0.01479899    -0.13147105  -0.04541399    -0.05400947   0.03430855
 -0.08836237   0.05271278    -0.05101604   0.03043374    -0.13202953  -0.07718564
    2    2
  0.23757946  -0.00000000     0.02126250  -0.00000000     0.00162610   0.00423680
  0.02126250  -0.00000000     0.21302764  -0.00000000     0.00093883   0.00244612
  0.00162610  -0.00423680     0.00093883  -0.00244612     0.37779049  -0.00000000
    2    3
  0.01195024  -0.00000000     0.00977294  -0.00000000    -0.00719853   0.00866508
  0.00977294  -0.00000000     0.00066542  -0.00000000    -0.00415607   0.00500279
  0.00719853   0.00866508     0.00415607   0.00500279    -0.03867915  -0.00000000
    3    1
 -0.07810939  -0.06250239     0.04621255  -0.01479899     0.09354714  -0.05942415
  0.04621255  -0.01479899    -0.13147105  -0.04541399     0.05400947  -0.03430855
  0.08836237  -0.05271278     0.05101604  -0.03043374    -0.13202953  -0.07718564
    3    2
  0.01195024  -0.00000000     0.00977294  -0.00000000     0.00719853  -0.00866508
  0.00977294  -0.00000000     0.00066542  -0.00000000     0.00415607  -0.00500279
 -0.00719853  -0.00866508    -0.00415607  -0.00500279    -0.03867915  -0.00000000
    3    3
  0.23757946  -0.00000000     0.02126250  -0.00000000    -0.00162610  -0.00423680
  0.02126250  -0.00000000     0.21302764  -0.00000000    -0.00093883  -0.00244612
 -0.00162610   0.00423680    -0.00093883   0.00244612     0.37779049  -0.00000000

     Diagonalizing the dynamical matrix

     q = (    0.000000000   0.063949164   0.000000000 ) 

 **************************************************************************
     freq (    1) =       4.022469 [THz] =     134.175127 [cm-1]
 ( -0.398703  0.381920  0.000000 -0.000000  0.000000 -0.000000 ) 
 ( -0.322038  0.493840  0.000000 -0.000000 -0.000000 -0.000000 ) 
 ( -0.322038  0.493840  0.000000 -0.000000  0.000000  0.000000 ) 
     freq (    2) =       4.555252 [THz] =     151.946859 [cm-1]
 ( -0.000000 -0.000000 -0.000000  0.000000 -0.505421 -0.298787 ) 
 ( -0.000000 -0.000000  0.206006  0.408980 -0.343416  0.000000 ) 
 (  0.000000  0.000000 -0.206006 -0.408980 -0.343416  0.000000 ) 
     freq (    3) =       6.477347 [THz] =     216.061026 [cm-1]
 ( -0.000000 -0.000000  0.588575 -0.392059 -0.000000 -0.000000 ) 
 (  0.000000 -0.000000 -0.003097 -0.411523 -0.283855 -0.000000 ) 
 (  0.000000 -0.000000 -0.003097 -0.411523  0.283855  0.000000 ) 
     freq (    4) =       8.727864 [THz] =     291.130209 [cm-1]
 (  0.000000  0.000000 -0.000000 -0.000000  0.000000  0.000000 ) 
 ( -0.325186 -0.627897  0.000000  0.000000  0.000000  0.000000 ) 
 (  0.325186  0.627897 -0.000000 -0.000000  0.000000  0.000000 ) 
     freq (    5) =      10.196188 [THz] =     340.108231 [cm-1]
 (  0.000000 -0.000000 -0.000000  0.000000  0.166675  0.091616 ) 
 (  0.000000  0.000000  0.285175  0.540767  0.328876 -0.000000 ) 
 ( -0.000000 -0.000000 -0.285175 -0.540767  0.328876  0.000000 ) 
     freq (    6) =      10.463905 [THz] =     349.038298 [cm-1]
 ( -0.000000  0.000000  0.205372 -0.049470  0.000000  0.000000 ) 
 (  0.000000 -0.000000 -0.182035  0.640069 -0.186715  0.000000 ) 
 (  0.000000 -0.000000 -0.182035  0.640069  0.186715  0.000000 ) 
     freq (    7) =      10.742977 [THz] =     358.347137 [cm-1]
 ( -0.314009  0.323170 -0.000000  0.000000  0.000000 -0.000000 ) 
 (  0.325623 -0.540786  0.000000 -0.000000  0.000000 -0.000000 ) 
 (  0.325623 -0.540786  0.000000 -0.000000 -0.000000  0.000000 ) 
     freq (    8) =      12.427673 [THz] =     414.542539 [cm-1]
 (  0.000000 -0.000000 -0.000000  0.000000 -0.298575 -0.172394 ) 
 ( -0.000000 -0.000000 -0.088269 -0.160144  0.638067 -0.000000 ) 
 (  0.000000  0.000000  0.088269  0.160144  0.638067  0.000000 ) 
     freq (    9) =      12.967281 [THz] =     432.541928 [cm-1]
 ( -0.000000  0.000000 -0.190106  0.102691  0.000000  0.000000 ) 
 (  0.000000 -0.000000  0.050608 -0.081916 -0.683656  0.000000 ) 
 (  0.000000 -0.000000  0.050608 -0.081916  0.683656  0.000000 ) 
 **************************************************************************
