Dynamical matrix file
phonons on a grid                                                          
  2    3   0   1.0000000   0.0000000   0.0000000   0.0000000   0.0000000   0.0000000
Basis vectors
      6.018846169   -0.000000000    0.000000000
     -3.009423085    5.212473684    0.000000000
      0.000000000    0.000000000   20.000000000
           1  'S      '    29230.016876494614     
           2  'Mo     '    87453.075126275595     
    1    2     -0.0000000006      3.4749824562      0.0000000000
    2    1      3.0094230846      1.7374912278      2.9548775440
    3    1      3.0094230846      1.7374912278     -2.9548775440

     Dynamical  Matrix in cartesian axes

     q = (    0.055381600   0.095923746   0.000000000 ) 

    1    1
  0.53308979   0.00000000     0.00000000   0.10774062     0.00000000   0.00000000
  0.00000000  -0.10774062     0.53308979   0.00000000     0.00000000   0.00000000
  0.00000000   0.00000000     0.00000000   0.00000000     0.50483864   0.00000000
    1    2
 -0.02986883   0.05173434     0.05173434   0.02986883    -0.08659278  -0.04999436
  0.05173434   0.02986883     0.02986883  -0.05173434     0.04999436  -0.08659278
 -0.08813436  -0.05088440     0.05088440  -0.08813436    -0.00000000   0.00000000
    1    3
 -0.02986883   0.05173434     0.05173434   0.02986883     0.08659278   0.04999436
  0.05173434   0.02986883     0.02986883  -0.05173434    -0.04999436   0.08659278
  0.08813436   0.05088440    -0.05088440   0.08813436    -0.00000000   0.00000000
    2    1
 -0.02986883  -0.05173434     0.05173434  -0.02986883    -0.08813436   0.05088440
  0.05173434  -0.02986883     0.02986883   0.05173434     0.05088440   0.08813436
 -0.08659278   0.04999436     0.04999436   0.08659278    -0.00000000  -0.00000000
    2    2
  0.24660450   0.00000000     0.00000000  -0.00223524     0.00000000   0.00000000
  0.00000000   0.00223524     0.24660450   0.00000000     0.00000000   0.00000000
  0.00000000  -0.00000000     0.00000000  -0.00000000     0.35198914   0.00000000
    2    3
  0.00264379   0.00000000     0.00000000   0.01301649     0.00000000   0.00000000
  0.00000000  -0.01301649     0.00264379   0.00000000     0.00000000   0.00000000
  0.00000000   0.00000000     0.00000000   0.00000000    -0.03012816   0.00000000
    3    1
 -0.02986883  -0.05173434     0.05173434  -0.02986883     0.08813436  -0.05088440
  0.05173434  -0.02986883     0.02986883   0.05173434    -0.05088440  -0.08813436
  0.08659278  -0.04999436    -0.04999436  -0.08659278    -0.00000000  -0.00000000
    3    2
  0.00264379   0.00000000     0.00000000   0.01301649    -0.00000000   0.00000000
  0.00000000  -0.01301649     0.00264379   0.00000000    -0.00000000   0.00000000
  0.00000000   0.00000000     0.00000000   0.00000000    -0.03012816   0.00000000
    3    3
  0.24660450   0.00000000     0.00000000  -0.00223524     0.00000000   0.00000000
  0.00000000   0.00223524     0.24660450   0.00000000     0.00000000   0.00000000
  0.00000000   0.00000000     0.00000000   0.00000000     0.35198914   0.00000000

     Dynamical  Matrix in cartesian axes

     q = (   -0.055381600   0.095923746   0.000000000 ) 

    1    1
  0.53308979   0.00000000     0.00000000  -0.10774062     0.00000000   0.00000000
  0.00000000   0.10774062     0.53308979   0.00000000     0.00000000   0.00000000
  0.00000000   0.00000000     0.00000000   0.00000000     0.50483864   0.00000000
    1    2
 -0.02986883  -0.05173434     0.05173434  -0.02986883    -0.08659278   0.04999436
  0.05173434  -0.02986883     0.02986883   0.05173434     0.04999436   0.08659278
 -0.08813436   0.05088440     0.05088440   0.08813436    -0.00000000  -0.00000000
    1    3
 -0.02986883  -0.05173434     0.05173434  -0.02986883     0.08659278  -0.04999436
  0.05173434  -0.02986883     0.02986883   0.05173434    -0.04999436  -0.08659278
  0.08813436  -0.05088440    -0.05088440  -0.08813436    -0.00000000  -0.00000000
    2    1
 -0.02986883   0.05173434     0.05173434   0.02986883    -0.08813436  -0.05088440
  0.05173434   0.02986883     0.02986883  -0.05173434     0.05088440  -0.08813436
 -0.08659278  -0.04999436     0.04999436  -0.08659278    -0.00000000   0.00000000
    2    2
  0.24660450   0.00000000     0.00000000   0.00223524     0.00000000  -0.00000000
  0.00000000  -0.00223524     0.24660450   0.00000000     0.00000000  -0.00000000
  0.00000000   0.00000000     0.00000000   0.00000000     0.35198914   0.00000000
    2    3
  0.00264379   0.00000000     0.00000000  -0.01301649    -0.00000000   0.00000000
  0.00000000   0.01301649     0.00264379  -0.00000000    -0.00000000   0.00000000
  0.00000000   0.00000000     0.00000000   0.00000000    -0.03012816   0.00000000
    3    1
 -0.02986883   0.05173434     0.05173434   0.02986883     0.08813436   0.05088440
  0.05173434   0.02986883     0.02986883  -0.05173434    -0.05088440   0.08813436
  0.08659278   0.04999436    -0.04999436   0.08659278    -0.00000000   0.00000000
    3    2
  0.00264379   0.00000000     0.00000000  -0.01301649     0.00000000   0.00000000
  0.00000000   0.01301649     0.00264379  -0.00000000     0.00000000   0.00000000
  0.00000000   0.00000000     0.00000000   0.00000000    -0.03012816   0.00000000
    3    3
  0.24660450   0.00000000     0.00000000   0.00223524     0.00000000   0.00000000
  0.00000000  -0.00223524     0.24660450   0.00000000     0.00000000   0.00000000
  0.00000000   0.00000000     0.00000000  -0.00000000     0.35198914   0.00000000

     Diagonalizing the dynamical matrix

     q = (    0.055381600   0.095923746   0.000000000 ) 

 **************************************************************************
     freq (    1) =       5.349609 [THz] =     178.443739 [cm-1]
 ( -0.000000 -0.000000  0.000000 -0.000000 -0.085735 -0.590692 ) 
 ( -0.248405 -0.315005 -0.315005  0.248405 -0.000000  0.000000 ) 
 (  0.248405  0.315005  0.315005 -0.248405 -0.000000  0.000000 ) 
     freq (    2) =       5.947369 [THz] =     198.382882 [cm-1]
 ( -0.502198 -0.289944  0.289944 -0.502198  0.000000  0.000000 ) 
 ( -0.000000 -0.000000  0.000000 -0.000000 -0.404636 -0.000000 ) 
 ( -0.000000 -0.000000  0.000000 -0.000000  0.404636  0.000000 ) 
     freq (    3) =       6.881522 [THz] =     229.542863 [cm-1]
 ( -0.209613  0.325559  0.325559  0.209613  0.000000 -0.000000 ) 
 ( -0.417883 -0.020261  0.020261 -0.417883  0.000000 -0.000000 ) 
 ( -0.417883 -0.020261  0.020261 -0.417883 -0.000000  0.000000 ) 
     freq (    4) =       9.796894 [THz] =     326.789223 [cm-1]
 (  0.000000  0.000000  0.000000 -0.000000  0.000000 -0.000000 ) 
 ( -0.500000 -0.000002  0.000002 -0.500000  0.000000  0.000000 ) 
 (  0.500000  0.000002 -0.000002  0.500000 -0.000000  0.000000 ) 
     freq (    5) =       9.812323 [THz] =     327.303866 [cm-1]
 (  0.000000 -0.000000 -0.000000 -0.000000  0.000000  0.000000 ) 
 (  0.000006  0.500000  0.500000 -0.000006  0.000000 -0.000000 ) 
 (  0.000006  0.500000  0.500000 -0.000006 -0.000000  0.000000 ) 
     freq (    6) =      10.887806 [THz] =     363.178102 [cm-1]
 (  0.000000 -0.000000 -0.000000 -0.000000 -0.201015  0.357134 ) 
 ( -0.004989 -0.456056 -0.456056  0.004989  0.000000 -0.000000 ) 
 (  0.004989  0.456056  0.456056 -0.004989  0.000000  0.000000 ) 
     freq (    7) =      10.916783 [THz] =     364.144676 [cm-1]
 (  0.000000 -0.000000 -0.000000 -0.000000  0.000000 -0.000000 ) 
 ( -0.000000  0.000000  0.000000 -0.000000  0.707107  0.000000 ) 
 ( -0.000000 -0.000000 -0.000000 -0.000000  0.707107  0.000000 ) 
     freq (    8) =      10.965881 [THz] =     365.782427 [cm-1]
 (  0.168652 -0.273859 -0.273859 -0.168652  0.000000 -0.000000 ) 
 ( -0.445106 -0.012637  0.012637 -0.445106 -0.000000 -0.000000 ) 
 ( -0.445106 -0.012637  0.012637 -0.445106 -0.000000  0.000000 ) 
     freq (    9) =      12.599871 [THz] =     420.286454 [cm-1]
 ( -0.139088 -0.080302  0.080302 -0.139088  0.000000  0.000000 ) 
 ( -0.000000  0.000000 -0.000000  0.000000  0.688626  0.000000 ) 
 ( -0.000000  0.000000 -0.000000 -0.000000 -0.688626  0.000000 ) 
 **************************************************************************
